? ?
0 0
0 1
0 2
0 3
0 4
0 5
0 6
0 7
0 9
0 10
0 15
0 19
0 21
0 22
0 23
0 24
0 25
0 27
0 30
0 31
0 36
0 45
0 46
0 50
0 51
0 54
0 58
0 63
0 64
0 66
0 67
0 71
0 74
0 75
0 77
0 79
0 84
0 94
0 97
1 0
1 1
1 2
1 3
1 4
1 5
1 6
1 7
1 9
1 10
1 15
1 21
1 22
1 23
1 24
1 25
1 27
1 30
1 31
1 45
1 46
1 47
1 50
1 51
1 54
1 57
1 58
1 63
1 64
1 66
1 67
1 68
1 69
1 71
1 74
1 77
1 79
1 80
1 84
1 92
1 93
1 97
1 102
1 103
1 120
2 0
2 1
2 2
2 3
2 4
2 5
2 6
2 7
2 8
2 9
2 10
2 15
2 18
2 19
2 21
2 22
2 24
2 25
2 27
2 28
2 30
2 31
2 36
2 40
2 41
2 42
2 45
2 46
2 48
2 50
2 51
2 53
2 55
2 56
2 57
2 58
2 60
2 61
2 63
2 64
2 65
2 66
2 67
2 68
2 69
2 70
2 71
2 74
2 77
2 79
2 80
2 84
2 93
2 94
2 96
2 97
2 98
2 102
2 106
2 113
2 117
2 120
3 0
3 1
3 2
3 3
3 4
3 5
3 6
3 7
3 9
3 10
3 13
3 15
3 18
3 21
3 22
3 23
3 24
3 25
3 27
3 28
3 29
3 30
3 31
3 32
3 34
3 35
3 36
3 38
3 39
3 40
3 41
3 45
3 46
3 47
3 48
3 49
3 50
3 51
3 52
3 53
3 55
3 56
3 57
3 58
3 59
3 60
3 61
3 62
3 63
3 64
3 65
3 66
3 67
3 68
3 69
3 70
3 71
3 72
3 73
3 74
3 75
3 77
3 79
3 81
3 82
3 84
3 94
3 96
3 97
3 105
3 107
3 108
3 111
3 120
4 0
4 1
4 2
4 3
4 4
4 5
4 6
4 7
4 9
4 10
4 15
4 18
4 19
4 23
4 24
4 25
4 27
4 28
4 29
4 30
4 31
4 36
4 38
4 40
4 41
4 42
4 45
4 48
4 49
4 50
4 51
4 53
4 58
4 61
4 62
4 66
4 67
4 69
4 71
4 75
4 77
4 79
4 84
4 94
4 95
4 98
4 106
5 0
5 1
5 2
5 3
5 4
5 5
5 6
5 7
5 9
5 10
5 11
5 12
5 13
5 14
5 15
5 16
5 17
5 18
5 19
5 20
5 21
5 24
5 25
5 27
5 28
5 29
5 30
5 31
5 36
5 38
5 40
5 41
5 42
5 45
5 46
5 49
5 50
5 51
5 52
5 53
5 58
5 61
5 62
5 65
5 67
5 68
5 69
5 71
5 72
5 73
5 79
5 83
5 87
5 94
5 98
5 104
5 106
6 0
6 1
6 2
6 3
6 4
6 5
6 6
6 7
6 8
6 9
6 10
6 15
6 18
6 19
6 21
6 22
6 23
6 24
6 25
6 27
6 28
6 29
6 30
6 31
6 36
6 38
6 39
6 40
6 41
6 42
6 45
6 46
6 49
6 50
6 51
6 52
6 53
6 57
6 58
6 61
6 64
6 65
6 66
6 67
6 68
6 69
6 71
6 74
6 79
6 82
6 83
6 84
6 87
6 97
6 98
6 119
6 120
6 130
7 0
7 1
7 2
7 3
7 4
7 5
7 6
7 7
7 8
7 9
7 10
7 15
7 18
7 19
7 21
7 22
7 23
7 24
7 25
7 27
7 28
7 30
7 31
7 36
7 40
7 41
7 42
7 45
7 46
7 47
7 48
7 49
7 50
7 51
7 53
7 54
7 57
7 58
7 61
7 63
7 64
7 65
7 66
7 67
7 68
7 69
7 71
7 74
7 75
7 76
7 77
7 79
7 80
7 83
7 84
7 87
7 88
7 93
7 94
7 96
7 97
7 98
7 99
7 102
7 106
7 107
7 113
7 120
7 130
8 2
8 6
8 7
8 8
8 9
8 25
8 31
8 36
8 42
8 50
8 51
8 65
9 0
9 1
9 2
9 3
9 4
9 5
9 6
9 7
9 8
9 9
9 10
9 24
9 25
9 29
9 31
9 36
9 37
9 39
9 40
9 41
9 42
9 43
9 50
9 51
9 56
9 58
9 63
9 65
9 66
9 71
9 74
9 82
9 84
9 89
9 90
9 91
9 119
9 121
9 122
9 123
9 124
9 125
9 126
9 127
9 128
9 129
10 0
10 1
10 2
10 3
10 4
10 5
10 6
10 7
10 9
10 10
10 15
10 19
10 21
10 24
10 25
10 28
10 29
10 30
10 31
10 36
10 38
10 40
10 41
10 42
10 51
10 58
10 61
10 63
10 66
10 69
10 71
10 77
10 79
10 82
10 94
10 95
10 98
10 119
10 120
11 5
12 5
13 3
13 5
13 30
13 45
14 5
15 0
15 1
15 2
15 3
15 4
15 5
15 6
15 7
15 10
15 15
15 18
15 21
15 23
15 24
15 25
15 27
15 30
15 41
15 45
15 46
15 50
15 51
15 53
15 58
15 63
15 68
15 69
15 70
15 71
15 74
15 75
15 77
15 79
15 84
15 97
16 5
17 5
17 18
18 2
18 3
18 4
18 5
18 6
18 7
18 15
18 17
18 18
18 25
18 30
18 51
18 58
18 84
19 0
19 2
19 4
19 5
19 6
19 7
19 10
19 19
19 25
19 41
19 61
19 98
19 106
20 5
21 0
21 1
21 2
21 3
21 5
21 6
21 7
21 10
21 15
21 21
21 22
21 25
21 27
21 45
21 50
21 51
21 54
21 58
21 63
21 64
21 67
21 71
21 75
21 77
21 79
21 92
21 93
21 103
21 113
22 0
22 1
22 2
22 3
22 6
22 7
22 21
22 25
22 45
22 51
22 53
22 79
22 80
22 92
22 93
22 97
23 0
23 1
23 3
23 4
23 6
23 7
23 15
23 23
23 24
23 25
23 26
23 27
23 79
23 84
23 101
24 0
24 1
24 2
24 3
24 4
24 5
24 6
24 7
24 9
24 10
24 15
24 23
24 24
24 25
24 27
24 30
24 32
24 33
24 48
24 50
24 51
24 53
24 58
24 59
24 63
24 66
24 67
24 74
24 75
24 77
24 79
24 81
24 82
24 83
24 84
24 85
24 86
24 87
24 108
24 112
25 0
25 1
25 2
25 3
25 4
25 5
25 6
25 7
25 8
25 9
25 10
25 15
25 18
25 19
25 21
25 22
25 23
25 24
25 25
25 26
25 27
25 28
25 29
25 30
25 31
25 33
25 36
25 39
25 40
25 41
25 45
25 46
25 47
25 48
25 50
25 51
25 53
25 54
25 55
25 56
25 57
25 58
25 60
25 61
25 63
25 64
25 65
25 66
25 67
25 68
25 69
25 70
25 71
25 73
25 74
25 75
25 76
25 77
25 78
25 79
25 80
25 82
25 83
25 84
25 87
25 88
25 93
25 94
25 96
25 97
25 98
25 99
25 100
25 101
25 102
25 107
25 109
25 110
25 113
25 114
26 23
26 25
26 26
26 27
26 33
26 53
27 0
27 1
27 2
27 3
27 4
27 5
27 6
27 7
27 15
27 21
27 23
27 24
27 25
27 26
27 27
27 30
27 31
27 33
27 45
27 49
27 50
27 51
27 52
27 53
27 54
27 58
27 65
27 69
27 70
27 71
27 74
27 76
27 77
27 78
27 80
27 83
27 84
27 87
27 96
27 99
27 101
27 117
27 130
28 2
28 3
28 4
28 5
28 6
28 7
28 10
28 25
28 29
28 30
28 31
28 41
28 51
28 53
28 58
28 61
28 68
28 71
29 3
29 4
29 5
29 6
29 9
29 10
29 25
29 28
29 29
29 31
29 36
29 37
29 39
29 40
29 42
29 43
29 50
29 53
29 58
29 66
29 91
30 0
30 1
30 2
30 3
30 4
30 5
30 6
30 7
30 10
30 13
30 15
30 18
30 24
30 25
30 27
30 28
30 30
30 31
30 50
30 51
30 53
30 58
30 61
30 62
30 67
30 69
30 70
30 71
30 74
30 77
30 79
30 94
31 0
31 1
31 2
31 3
31 4
31 5
31 6
31 7
31 8
31 9
31 10
31 25
31 27
31 28
31 29
31 30
31 31
31 36
31 40
31 41
31 42
31 50
31 51
31 58
31 61
31 67
31 71
31 77
31 94
32 3
32 24
32 50
32 58
32 81
32 84
33 24
33 25
33 26
33 27
33 54
33 75
33 76
33 77
33 84
34 3
34 35
34 70
35 3
35 34
35 45
36 0
36 2
36 3
36 4
36 5
36 6
36 7
36 8
36 9
36 10
36 25
36 29
36 31
36 36
36 37
36 38
36 39
36 40
36 41
36 42
36 43
36 44
36 45
36 50
36 51
36 56
36 58
36 61
36 65
36 66
36 67
36 69
36 71
36 82
36 91
36 119
37 9
37 29
37 36
37 37
37 39
37 42
37 43
37 66
37 91
38 3
38 4
38 5
38 6
38 10
38 36
38 40
38 41
38 51
38 69
38 106
39 3
39 6
39 9
39 25
39 29
39 36
39 37
39 40
39 41
39 42
39 44
39 51
39 56
39 65
40 2
40 3
40 4
40 5
40 6
40 7
40 9
40 10
40 25
40 29
40 31
40 36
40 38
40 39
40 40
40 42
40 43
40 51
40 56
40 58
41 2
41 3
41 4
41 5
41 6
41 7
41 9
41 10
41 15
41 19
41 25
41 28
41 31
41 36
41 38
41 39
41 41
41 42
41 50
41 51
41 65
41 69
41 71
42 2
42 4
42 5
42 6
42 7
42 8
42 9
42 10
42 29
42 31
42 36
42 37
42 39
42 40
42 41
42 42
42 43
42 51
42 58
42 64
42 66
42 91
42 127
43 9
43 29
43 36
43 37
43 40
43 42
43 91
43 123
43 125
44 36
44 39
45 0
45 1
45 2
45 3
45 4
45 5
45 6
45 7
45 13
45 15
45 21
45 22
45 25
45 27
45 35
45 36
45 45
45 46
45 47
45 48
45 49
45 50
45 51
45 52
45 53
45 55
45 59
45 60
45 61
45 69
45 70
45 78
45 79
45 84
45 105
45 115
45 116
45 118
46 0
46 1
46 2
46 3
46 5
46 6
46 7
46 15
46 25
46 45
46 46
46 55
46 60
46 71
47 1
47 3
47 7
47 25
47 45
48 2
48 3
48 4
48 7
48 24
48 25
48 45
48 48
48 51
48 53
48 59
48 60
48 70
49 3
49 4
49 5
49 6
49 7
49 27
49 45
49 49
49 52
49 57
49 60
49 61
49 67
49 71
49 87
50 0
50 1
50 2
50 3
50 4
50 5
50 6
50 7
50 8
50 9
50 15
50 21
50 24
50 25
50 27
50 29
50 30
50 31
50 32
50 36
50 41
50 45
50 50
50 51
50 53
50 55
50 56
50 58
50 60
50 63
50 64
50 66
50 67
50 71
50 74
50 77
50 79
50 80
50 82
50 84
50 97
50 102
50 120
51 0
51 1
51 2
51 3
51 4
51 5
51 6
51 7
51 8
51 9
51 10
51 15
51 18
51 21
51 22
51 24
51 25
51 27
51 28
51 30
51 31
51 36
51 38
51 39
51 40
51 41
51 42
51 45
51 48
51 50
51 51
51 53
51 57
51 58
51 61
51 63
51 64
51 65
51 66
51 67
51 68
51 69
51 71
51 74
51 75
51 77
51 79
51 80
51 84
51 88
51 96
51 97
51 113
51 120
52 3
52 5
52 6
52 27
52 45
52 49
52 58
52 87
53 2
53 3
53 4
53 5
53 6
53 7
53 15
53 22
53 24
53 25
53 26
53 27
53 28
53 29
53 30
53 45
53 48
53 50
53 51
53 53
53 55
53 58
53 70
53 71
53 74
53 84
53 87
54 0
54 1
54 7
54 21
54 25
54 27
54 33
54 54
54 63
54 64
54 75
54 76
54 77
54 79
54 84
54 97
55 2
55 3
55 25
55 45
55 46
55 50
55 53
55 55
55 93
56 2
56 3
56 9
56 25
56 36
56 39
56 40
56 50
57 1
57 2
57 3
57 6
57 7
57 25
57 49
57 51
57 58
57 67
58 0
58 1
58 2
58 3
58 4
58 5
58 6
58 7
58 9
58 10
58 15
58 18
58 21
58 24
58 25
58 27
58 28
58 29
58 30
58 31
58 32
58 36
58 40
58 42
58 50
58 51
58 52
58 53
58 57
58 58
58 61
58 64
58 65
58 66
58 67
58 68
58 69
58 71
58 74
58 77
58 84
58 87
58 108
58 120
58 130
59 3
59 24
59 45
59 48
59 60
60 2
60 3
60 25
60 45
60 46
60 48
60 49
60 50
60 59
60 60
60 70
61 2
61 3
61 4
61 5
61 6
61 7
61 10
61 19
61 25
61 28
61 30
61 31
61 36
61 45
61 49
61 51
61 58
61 61
61 68
61 69
61 94
61 106
62 3
62 4
62 5
62 30
63 0
63 1
63 2
63 3
63 7
63 9
63 10
63 15
63 21
63 24
63 25
63 50
63 51
63 54
63 63
63 66
63 67
63 74
63 75
63 77
63 79
63 97
64 0
64 1
64 2
64 3
64 6
64 7
64 21
64 25
64 42
64 50
64 51
64 54
64 58
64 64
64 84
64 97
65 2
65 3
65 5
65 6
65 7
65 8
65 9
65 25
65 27
65 36
65 39
65 41
65 51
65 58
65 65
65 69
65 84
65 130
66 0
66 1
66 2
66 3
66 4
66 6
66 7
66 9
66 10
66 24
66 25
66 29
66 36
66 37
66 42
66 50
66 51
66 58
66 63
66 66
66 74
66 81
66 82
66 90
66 91
66 119
66 122
66 123
66 126
66 127
67 0
67 1
67 2
67 3
67 4
67 5
67 6
67 7
67 21
67 24
67 25
67 30
67 31
67 36
67 49
67 50
67 51
67 57
67 58
67 63
67 67
67 69
67 71
67 74
67 75
67 84
67 120
68 1
68 2
68 3
68 5
68 6
68 7
68 15
68 25
68 28
68 51
68 58
68 61
69 1
69 2
69 3
69 4
69 5
69 6
69 7
69 10
69 15
69 25
69 27
69 30
69 36
69 38
69 41
69 45
69 51
69 58
69 61
69 65
69 67
69 69
69 71
69 95
70 2
70 3
70 15
70 25
70 27
70 30
70 34
70 45
70 48
70 53
70 60
70 70
70 84
71 0
71 1
71 2
71 3
71 4
71 5
71 6
71 7
71 9
71 10
71 15
71 21
71 25
71 27
71 28
71 30
71 31
71 36
71 41
71 46
71 49
71 50
71 51
71 53
71 58
71 67
71 69
71 71
71 74
71 79
71 84
71 117
72 3
72 5
73 3
73 5
73 25
74 0
74 1
74 2
74 3
74 6
74 7
74 9
74 15
74 24
74 25
74 27
74 30
74 50
74 51
74 53
74 58
74 63
74 66
74 67
74 71
74 74
74 75
74 76
74 77
74 85
74 87
74 108
75 0
75 3
75 4
75 7
75 15
75 21
75 24
75 25
75 33
75 51
75 54
75 63
75 67
75 74
75 75
75 77
75 79
76 7
76 25
76 27
76 33
76 54
76 74
76 76
76 84
76 99
77 0
77 1
77 2
77 3
77 4
77 7
77 10
77 15
77 21
77 24
77 25
77 27
77 30
77 31
77 33
77 50
77 51
77 54
77 58
77 63
77 74
77 75
77 77
77 79
77 96
78 25
78 27
78 45
78 79
79 0
79 1
79 2
79 3
79 4
79 5
79 6
79 7
79 10
79 15
79 21
79 22
79 23
79 24
79 25
79 30
79 45
79 50
79 51
79 54
79 63
79 71
79 75
79 77
79 78
79 79
79 80
79 92
79 93
79 97
80 1
80 2
80 7
80 22
80 25
80 27
80 50
80 51
80 79
80 80
80 103
81 3
81 24
81 32
81 66
81 108
82 3
82 6
82 9
82 10
82 24
82 25
82 36
82 50
82 66
82 82
82 119
83 5
83 6
83 7
83 24
83 25
83 27
83 83
83 84
83 87
84 0
84 1
84 2
84 3
84 4
84 6
84 7
84 9
84 15
84 18
84 23
84 24
84 25
84 27
84 32
84 33
84 45
84 50
84 51
84 53
84 54
84 58
84 64
84 65
84 67
84 70
84 71
84 76
84 83
84 84
84 85
84 87
84 97
84 99
84 111
84 120
84 130
85 24
85 74
85 84
86 24
87 5
87 6
87 7
87 24
87 25
87 27
87 49
87 52
87 53
87 58
87 74
87 83
87 84
87 87
87 108
88 7
88 25
88 51
89 9
89 89
89 90
89 122
89 123
89 124
89 125
89 127
90 9
90 66
90 89
90 90
90 129
91 9
91 29
91 36
91 37
91 42
91 43
91 66
91 91
92 1
92 21
92 22
92 79
92 97
93 1
93 2
93 7
93 21
93 22
93 25
93 55
93 79
93 93
94 0
94 2
94 3
94 4
94 5
94 7
94 10
94 25
94 30
94 31
94 61
94 94
94 117
95 4
95 10
95 69
96 2
96 3
96 7
96 25
96 27
96 51
96 77
96 96
97 0
97 1
97 2
97 3
97 6
97 7
97 15
97 22
97 25
97 50
97 51
97 54
97 63
97 64
97 79
97 84
97 92
98 2
98 4
98 5
98 6
98 7
98 10
98 19
98 25
98 98
99 7
99 25
99 27
99 76
99 84
100 25
101 23
101 25
101 27
102 1
102 2
102 7
102 25
102 50
103 1
103 21
103 80
104 5
105 3
105 45
106 2
106 4
106 5
106 7
106 19
106 38
106 61
107 3
107 7
107 25
108 3
108 24
108 58
108 74
108 81
108 87
108 108
109 25
110 25
111 3
111 84
112 24
113 2
113 7
113 21
113 25
113 51
114 25
115 45
116 45
117 2
117 27
117 71
117 94
118 45
119 6
119 9
119 10
119 36
119 66
119 82
120 1
120 2
120 3
120 6
120 7
120 10
120 50
120 51
120 58
120 67
120 84
120 120
121 9
121 122
121 125
122 9
122 66
122 89
122 121
122 122
122 124
122 126
123 9
123 43
123 66
123 89
123 123
123 124
123 125
123 127
124 9
124 89
124 122
124 123
125 9
125 43
125 89
125 121
125 123
125 125
125 127
126 9
126 66
126 122
127 9
127 42
127 66
127 89
127 123
127 125
127 127
128 9
129 9
129 90
130 6
130 7
130 27
130 58
130 65
130 84
