5993 399
1 2
1 113
1 224
1 334
1 345
1 356
1 367
1 378
1 389
1 3
1 14
1 25
1 36
1 47
1 58
1 69
1 80
1 91
1 102
1 114
2 224
2 334
2 345
2 356
2 367
2 378
2 25
2 91
2 102
2 125
2 136
2 147
2 158
2 169
2 180
2 191
113 224
113 334
113 345
113 356
113 367
113 378
113 389
14 113
25 113
36 113
58 113
69 113
80 113
91 113
102 113
113 114
113 147
113 247
224 334
224 345
224 356
224 367
224 378
14 224
25 224
36 224
58 224
69 224
91 224
102 224
114 224
125 224
136 224
147 224
169 224
180 224
191 224
213 224
224 258
224 269
224 280
224 291
224 302
224 313
224 324
224 335
224 336
224 337
224 338
224 339
334 345
334 356
334 367
334 378
334 389
3 334
14 334
25 334
36 334
47 334
91 334
102 334
114 334
125 334
136 334
147 334
169 334
191 334
202 334
213 334
247 334
280 334
291 334
302 334
313 334
324 334
334 335
334 340
334 341
334 342
334 343
334 344
334 346
334 347
334 348
334 349
334 350
334 351
334 352
334 353
334 354
334 355
334 357
334 358
334 359
334 360
334 361
334 362
334 363
334 364
334 365
334 366
334 368
334 369
334 370
334 371
334 372
334 373
334 374
334 375
334 376
334 377
334 379
334 383
334 391
334 395
334 397
32 334
35 334
37 334
42 334
44 334
46 334
53 334
60 334
67 334
68 334
71 334
72 334
75 334
78 334
79 334
88 334
90 334
99 334
100 334
101 334
103 334
104 334
145 334
148 334
149 334
150 334
152 334
153 334
157 334
233 334
345 356
345 367
345 378
345 389
3 345
14 345
25 345
36 345
47 345
58 345
69 345
91 345
102 345
125 345
136 345
147 345
180 345
191 345
202 345
213 345
247 345
280 345
291 345
313 345
324 345
335 345
336 345
340 345
341 345
342 345
344 345
345 346
345 347
345 349
345 350
345 351
345 352
345 353
345 354
345 355
345 357
345 358
345 360
345 361
345 362
345 363
345 364
345 365
345 366
345 368
345 370
345 371
345 372
345 373
345 374
345 376
345 377
345 379
345 381
345 382
345 383
345 386
345 393
345 397
345 399
35 345
37 345
46 345
48 345
52 345
54 345
55 345
64 345
67 345
68 345
73 345
75 345
77 345
90 345
103 345
117 345
145 345
157 345
223 345
356 367
356 378
356 389
3 356
14 356
25 356
36 356
47 356
58 356
69 356
91 356
102 356
114 356
125 356
136 356
147 356
180 356
191 356
202 356
213 356
247 356
269 356
280 356
291 356
313 356
324 356
335 356
336 356
339 356
340 356
341 356
342 356
344 356
346 356
347 356
348 356
349 356
350 356
351 356
352 356
353 356
354 356
355 356
356 357
356 358
356 359
356 360
356 361
356 362
356 363
356 364
356 365
356 366
356 368
356 369
356 370
356 371
356 372
356 373
356 374
356 375
356 376
356 379
356 381
356 382
356 383
356 384
356 385
356 386
356 387
356 388
356 390
356 391
356 393
356 396
356 397
356 398
356 399
5 356
6 356
10 356
13 356
24 356
32 356
35 356
37 356
38 356
39 356
44 356
46 356
54 356
55 356
59 356
60 356
64 356
67 356
68 356
70 356
71 356
72 356
73 356
74 356
75 356
76 356
77 356
78 356
79 356
81 356
82 356
83 356
84 356
85 356
86 356
90 356
92 356
93 356
94 356
99 356
103 356
104 356
112 356
117 356
127 356
130 356
132 356
160 356
227 356
262 356
264 356
285 356
286 356
311 356
367 389
14 367
25 367
47 367
58 367
69 367
80 367
91 367
102 367
114 367
125 367
136 367
147 367
180 367
191 367
202 367
236 367
247 367
269 367
280 367
291 367
313 367
335 367
341 367
346 367
347 367
350 367
351 367
355 367
357 367
358 367
360 367
361 367
362 367
364 367
365 367
367 369
367 370
367 371
367 375
367 376
367 379
367 383
367 385
367 386
367 394
367 395
367 396
5 367
10 367
11 367
23 367
24 367
26 367
32 367
35 367
37 367
39 367
41 367
44 367
50 367
51 367
53 367
54 367
56 367
64 367
71 367
73 367
75 367
83 367
89 367
90 367
92 367
95 367
99 367
112 367
121 367
132 367
143 367
204 367
222 367
285 367
378 389
3 378
14 378
25 378
36 378
47 378
58 378
69 378
91 378
102 378
114 378
125 378
136 378
147 378
180 378
191 378
202 378
247 378
269 378
280 378
291 378
302 378
313 378
324 378
335 378
336 378
339 378
340 378
342 378
346 378
347 378
349 378
350 378
351 378
352 378
353 378
354 378
357 378
358 378
359 378
361 378
362 378
364 378
365 378
366 378
368 378
370 378
371 378
372 378
373 378
375 378
376 378
378 379
378 381
378 382
378 383
378 384
378 385
378 386
378 391
378 393
378 394
378 396
378 397
378 398
5 378
7 378
8 378
15 378
32 378
35 378
37 378
39 378
44 378
46 378
54 378
55 378
64 378
71 378
73 378
74 378
75 378
76 378
78 378
79 378
83 378
85 378
90 378
92 378
93 378
94 378
101 378
103 378
117 378
132 378
143 378
148 378
152 378
159 378
160 378
167 378
285 378
286 378
308 378
311 378
3 389
14 389
25 389
36 389
47 389
58 389
69 389
91 389
102 389
114 389
125 389
136 389
147 389
158 389
169 389
180 389
191 389
202 389
213 389
247 389
269 389
280 389
291 389
302 389
313 389
324 389
335 389
336 389
340 389
341 389
342 389
344 389
346 389
347 389
348 389
349 389
350 389
351 389
352 389
353 389
354 389
355 389
357 389
358 389
360 389
361 389
362 389
363 389
364 389
366 389
368 389
369 389
370 389
371 389
372 389
373 389
374 389
375 389
376 389
377 389
379 389
381 389
382 389
383 389
385 389
386 389
387 389
388 389
389 390
389 391
389 392
389 393
389 394
389 396
389 397
389 398
5 389
6 389
10 389
15 389
23 389
24 389
32 389
35 389
37 389
38 389
39 389
41 389
44 389
46 389
51 389
53 389
54 389
55 389
59 389
60 389
63 389
64 389
66 389
67 389
68 389
70 389
72 389
73 389
74 389
75 389
76 389
77 389
78 389
79 389
83 389
84 389
85 389
87 389
89 389
90 389
92 389
93 389
94 389
95 389
96 389
97 389
98 389
99 389
100 389
101 389
103 389
104 389
112 389
117 389
129 389
132 389
152 389
160 389
162 389
223 389
227 389
3 14
3 25
3 36
3 47
3 58
3 69
3 91
3 102
3 114
3 125
3 136
3 147
3 180
3 191
3 213
3 247
3 269
3 280
3 291
3 335
3 340
3 348
3 349
3 350
3 351
3 355
3 357
3 358
3 362
3 369
3 375
3 376
3 379
3 383
3 393
3 396
3 397
3 398
3 5
3 23
3 24
3 32
3 35
3 37
3 39
3 44
3 54
3 64
3 67
3 68
3 70
3 73
3 75
3 89
3 90
3 92
3 93
3 94
3 95
3 100
3 101
3 103
3 112
3 117
3 132
3 143
3 160
3 285
3 311
14 47
14 58
14 69
14 91
14 102
14 114
14 125
14 136
14 147
14 158
14 169
14 202
14 236
14 247
14 280
14 291
14 302
14 313
14 324
14 335
14 340
14 341
14 347
14 349
14 350
14 351
14 352
14 355
14 357
14 358
14 359
14 362
14 363
14 364
14 366
14 368
14 369
14 370
14 372
14 373
14 376
14 379
14 382
14 383
14 391
14 393
14 394
14 397
14 398
5 14
14 24
14 38
14 46
14 53
14 56
14 64
14 67
14 71
14 72
14 73
14 74
14 75
14 76
14 78
14 79
14 83
14 87
14 88
14 90
14 92
14 103
14 117
14 121
14 160
25 36
25 47
25 125
25 147
25 158
25 169
25 180
25 191
25 213
25 269
25 291
25 302
25 324
25 336
25 338
25 340
25 344
25 346
25 347
25 349
25 353
25 357
25 358
25 363
25 370
25 373
25 391
7 25
8 25
9 25
25 31
25 35
25 37
25 39
25 40
25 41
25 43
25 46
25 49
25 51
25 65
25 66
25 67
25 68
25 70
25 72
25 78
25 79
25 84
25 85
25 87
25 162
25 201
25 238
36 47
36 114
36 136
36 147
36 180
36 191
36 213
36 291
36 324
36 336
36 338
36 340
36 346
36 349
36 352
36 358
36 362
36 368
36 370
36 373
36 394
8 36
9 36
27 36
36 37
36 38
36 39
36 40
36 41
36 43
36 51
36 68
36 78
36 84
36 144
36 153
47 80
47 114
47 180
47 191
47 225
47 236
47 258
47 269
47 335
47 344
47 346
47 348
47 349
47 357
47 358
47 362
47 394
27 47
37 47
45 47
47 55
47 60
47 63
47 88
47 141
47 144
47 145
47 146
47 148
47 149
47 152
58 69
58 114
58 125
58 136
58 147
58 158
58 169
58 180
58 191
58 213
58 225
58 269
58 280
58 313
58 324
58 336
58 338
58 340
58 347
58 348
58 350
58 351
58 352
58 363
58 368
58 373
58 377
58 385
58 386
58 391
7 58
8 58
9 58
13 58
15 58
28 58
29 58
30 58
35 58
37 58
38 58
40 58
41 58
43 58
46 58
48 58
50 58
51 58
58 61
58 62
58 63
58 64
58 65
58 66
58 67
58 68
58 70
58 71
58 73
58 76
58 81
58 82
58 87
58 88
58 103
58 108
58 111
58 122
58 123
58 128
58 130
58 138
58 155
58 159
58 160
58 162
58 163
58 166
58 188
58 234
58 235
58 237
58 238
58 253
58 276
58 279
58 283
69 114
69 125
69 136
69 147
69 158
69 169
69 180
69 191
69 213
69 225
69 258
69 269
69 280
69 291
69 313
69 324
69 336
69 338
69 340
69 347
69 348
69 350
69 351
69 352
69 358
69 360
69 363
69 368
69 373
69 377
69 385
69 386
69 391
69 394
7 69
8 69
9 69
10 69
12 69
13 69
15 69
28 69
29 69
30 69
35 69
37 69
38 69
40 69
43 69
46 69
48 69
49 69
50 69
51 69
56 69
61 69
62 69
63 69
64 69
65 69
66 69
67 69
68 69
69 70
69 72
69 73
69 76
69 78
69 87
69 88
69 111
69 122
69 123
69 130
69 155
69 160
69 161
69 162
69 163
69 166
69 172
69 173
69 175
69 235
69 237
69 238
69 283
80 91
80 114
80 147
80 158
80 169
80 180
80 191
80 225
80 236
80 258
80 302
80 313
80 336
80 338
80 340
80 348
80 350
80 351
80 360
80 366
80 369
80 377
80 394
80 395
80 399
7 80
8 80
9 80
10 80
15 80
21 80
22 80
23 80
24 80
27 80
28 80
31 80
38 80
39 80
40 80
41 80
43 80
45 80
46 80
50 80
51 80
54 80
56 80
57 80
61 80
63 80
65 80
68 80
72 80
77 80
80 84
80 85
80 88
80 106
80 107
80 108
80 109
80 110
80 116
80 117
80 121
80 122
80 123
80 124
80 127
80 166
80 173
80 187
80 223
80 231
80 238
80 262
80 265
80 282
91 114
91 125
91 136
91 147
91 158
91 169
91 180
91 191
91 213
91 225
91 258
91 269
91 280
91 291
91 302
91 313
91 324
91 336
91 337
91 338
91 339
91 340
91 342
91 346
91 347
91 348
91 350
91 351
91 352
91 358
91 362
91 363
91 368
91 371
91 373
91 377
91 379
91 381
91 384
91 385
91 386
91 387
91 391
91 394
91 398
91 399
7 91
8 91
9 91
10 91
11 91
12 91
13 91
15 91
21 91
27 91
28 91
29 91
30 91
31 91
35 91
37 91
38 91
39 91
40 91
41 91
43 91
46 91
48 91
49 91
50 91
51 91
53 91
54 91
56 91
57 91
61 91
62 91
63 91
65 91
66 91
67 91
68 91
70 91
71 91
78 91
81 91
82 91
84 91
86 91
87 91
88 91
91 93
91 105
91 108
91 109
91 110
91 111
91 119
91 121
91 122
91 123
91 130
91 138
91 161
91 162
91 163
91 165
91 166
91 167
91 173
91 175
91 235
91 237
91 238
91 265
91 279
91 283
102 114
102 125
102 136
102 147
102 158
102 169
102 180
102 191
102 213
102 269
102 291
102 324
102 335
102 340
102 341
102 346
102 347
102 348
102 352
102 353
102 357
102 363
102 364
102 365
102 368
102 369
102 370
102 372
102 373
102 374
102 375
102 376
102 391
5 102
6 102
8 102
9 102
29 102
30 102
31 102
35 102
37 102
38 102
39 102
40 102
41 102
42 102
43 102
46 102
49 102
51 102
56 102
63 102
65 102
66 102
67 102
68 102
70 102
71 102
72 102
79 102
81 102
82 102
83 102
84 102
85 102
87 102
88 102
94 102
99 102
102 108
102 123
102 129
102 130
102 138
102 155
102 185
102 188
102 234
102 238
102 253
102 275
102 276
102 279
102 283
102 284
102 285
102 286
102 293
102 297
102 298
102 299
102 308
102 311
102 314
114 136
114 147
114 158
114 169
114 180
114 202
114 213
114 225
114 236
114 247
114 258
114 269
114 280
114 291
114 313
114 324
114 335
114 340
114 341
114 342
114 344
114 346
114 347
114 348
114 349
114 350
114 351
114 352
114 353
114 354
114 357
114 358
114 359
114 360
114 361
114 362
114 364
114 366
114 368
114 369
114 370
114 371
114 372
114 373
114 374
114 376
114 381
114 383
114 384
114 385
114 386
114 387
114 390
114 391
114 392
114 394
114 395
114 396
114 398
114 399
5 114
6 114
8 114
9 114
10 114
11 114
12 114
13 114
15 114
16 114
17 114
18 114
19 114
20 114
21 114
22 114
23 114
24 114
26 114
27 114
28 114
34 114
37 114
38 114
39 114
40 114
41 114
46 114
48 114
49 114
54 114
55 114
56 114
57 114
59 114
60 114
63 114
64 114
65 114
66 114
67 114
68 114
70 114
71 114
72 114
73 114
75 114
76 114
77 114
78 114
79 114
81 114
82 114
83 114
84 114
85 114
86 114
88 114
89 114
93 114
94 114
95 114
96 114
97 114
98 114
103 114
104 114
105 114
106 114
107 114
108 114
109 114
110 114
111 114
112 114
114 115
114 116
114 117
114 118
114 119
114 121
114 123
114 126
114 127
114 129
114 138
114 139
114 151
114 157
114 161
114 162
114 163
114 167
114 173
114 174
114 175
114 187
114 195
114 196
114 197
114 198
114 199
114 200
114 205
114 206
114 208
114 209
114 211
114 216
114 218
114 222
114 223
114 226
114 227
114 231
114 238
114 241
114 253
114 262
114 263
114 264
114 265
114 282
114 326
114 327
125 136
125 147
125 180
125 191
125 202
125 213
125 247
125 269
125 280
125 291
125 313
125 324
125 335
125 340
125 342
125 347
125 350
125 351
125 352
125 357
125 358
125 362
125 364
125 365
125 368
125 369
125 371
125 376
125 377
125 379
125 381
125 383
125 391
125 398
5 125
32 125
35 125
37 125
44 125
46 125
53 125
54 125
56 125
64 125
71 125
72 125
73 125
74 125
75 125
87 125
88 125
90 125
93 125
94 125
103 125
125 137
125 160
136 147
136 158
136 169
136 180
136 191
136 213
136 236
136 247
136 258
136 269
136 280
136 291
136 302
136 313
136 324
136 335
136 336
136 338
136 340
136 342
136 346
136 349
136 350
136 351
136 352
136 354
136 355
136 357
136 358
136 360
136 361
136 362
136 363
136 364
136 365
136 368
136 369
136 370
136 371
136 373
136 374
136 376
136 377
136 379
136 381
136 382
136 391
136 394
136 397
4 136
6 136
8 136
10 136
19 136
27 136
32 136
38 136
41 136
44 136
45 136
46 136
57 136
60 136
64 136
72 136
75 136
76 136
79 136
81 136
82 136
83 136
84 136
85 136
86 136
94 136
103 136
106 136
108 136
119 136
130 136
131 136
132 136
133 136
134 136
135 136
136 137
136 138
136 148
136 149
136 155
136 187
136 188
136 209
136 234
136 253
136 265
136 273
136 274
136 309
147 158
147 180
147 191
147 213
147 247
147 269
147 280
147 291
147 302
147 313
147 324
147 335
147 336
147 337
147 338
147 339
147 340
147 341
147 342
147 344
147 346
147 347
147 349
147 350
147 351
147 352
147 353
147 354
147 355
147 357
147 358
147 359
147 360
147 361
147 362
147 363
147 364
147 366
147 368
147 369
147 370
147 371
147 372
147 373
147 374
147 375
147 376
147 377
147 379
147 381
147 382
147 383
147 385
147 386
147 387
147 388
147 390
147 391
147 392
147 393
147 394
147 395
147 396
147 397
147 398
147 399
5 147
6 147
7 147
8 147
9 147
10 147
11 147
15 147
16 147
19 147
21 147
24 147
28 147
32 147
37 147
38 147
40 147
41 147
43 147
44 147
46 147
48 147
49 147
50 147
51 147
53 147
54 147
55 147
60 147
61 147
62 147
64 147
65 147
67 147
68 147
72 147
73 147
75 147
76 147
77 147
78 147
79 147
81 147
82 147
86 147
90 147
94 147
96 147
103 147
104 147
108 147
122 147
130 147
131 147
132 147
137 147
138 147
141 147
146 147
147 148
147 151
147 152
147 153
147 154
147 157
147 160
147 162
147 163
147 165
147 166
147 167
147 168
147 195
147 197
147 234
147 235
147 237
147 309
147 311
147 325
158 180
158 236
158 280
158 291
158 313
158 335
158 341
158 346
158 349
158 350
158 351
158 354
158 357
158 364
158 365
158 369
158 370
158 371
158 376
158 379
158 381
158 382
158 386
158 390
158 393
158 394
158 395
158 398
158 399
6 158
11 158
15 158
17 158
22 158
24 158
26 158
27 158
39 158
54 158
73 158
77 158
79 158
83 158
84 158
85 158
94 158
99 158
105 158
107 158
116 158
123 158
158 223
169 180
169 191
169 269
169 280
169 302
169 313
169 335
169 346
169 350
169 351
169 354
169 357
169 358
169 362
169 368
169 376
169 377
169 379
169 381
169 382
169 386
169 398
6 169
19 169
27 169
54 169
75 169
169 195
169 218
169 238
180 191
180 213
180 225
180 236
180 247
180 258
180 269
180 280
180 291
180 313
180 324
180 335
180 338
180 339
180 340
180 341
180 342
180 344
180 346
180 349
180 350
180 351
180 352
180 357
180 358
180 361
180 362
180 363
180 364
180 366
180 368
180 369
180 371
180 373
180 379
180 380
180 381
180 382
180 383
180 384
180 385
180 386
180 387
180 391
180 394
180 396
180 398
5 180
6 180
9 180
10 180
11 180
17 180
18 180
21 180
24 180
26 180
32 180
38 180
41 180
43 180
44 180
45 180
46 180
54 180
55 180
56 180
60 180
62 180
63 180
64 180
68 180
70 180
72 180
73 180
75 180
76 180
78 180
86 180
93 180
94 180
96 180
103 180
104 180
105 180
112 180
115 180
122 180
123 180
126 180
146 180
149 180
151 180
152 180
154 180
156 180
157 180
162 180
163 180
167 180
174 180
180 184
180 198
180 206
180 209
180 211
180 216
180 222
180 237
180 262
180 271
180 325
180 326
180 327
191 213
191 236
191 247
191 269
191 280
191 291
191 313
191 324
191 335
191 340
191 341
191 342
191 344
191 346
191 347
191 349
191 350
191 351
191 352
191 353
191 354
191 355
191 357
191 358
191 359
191 360
191 361
191 362
191 363
191 364
191 366
191 368
191 369
191 370
191 371
191 373
191 374
191 376
191 381
191 383
191 384
191 385
191 386
191 387
191 388
191 390
191 391
191 392
191 393
191 394
191 396
191 397
191 398
191 399
5 191
6 191
7 191
8 191
9 191
10 191
11 191
15 191
19 191
21 191
23 191
24 191
27 191
32 191
35 191
38 191
39 191
40 191
44 191
46 191
48 191
49 191
54 191
55 191
60 191
64 191
68 191
71 191
72 191
73 191
75 191
76 191
77 191
78 191
79 191
81 191
82 191
83 191
84 191
85 191
86 191
89 191
90 191
94 191
95 191
96 191
103 191
104 191
105 191
108 191
110 191
119 191
123 191
130 191
138 191
143 191
144 191
145 191
146 191
149 191
150 191
151 191
152 191
154 191
156 191
157 191
160 191
161 191
162 191
163 191
166 191
167 191
174 191
183 191
184 191
186 191
191 196
191 200
191 203
191 206
191 209
191 216
191 218
191 222
191 227
191 234
191 241
191 271
191 325
191 327
202 213
202 225
202 236
213 236
213 247
213 280
213 291
213 335
213 336
213 339
213 340
213 347
213 351
213 376
213 379
213 381
213 383
213 386
213 394
213 395
213 396
213 398
5 213
11 213
24 213
32 213
37 213
44 213
54 213
64 213
73 213
75 213
90 213
93 213
94 213
103 213
213 285
225 236
225 247
225 269
225 313
225 341
225 350
225 351
225 357
225 360
225 361
225 364
225 365
225 370
225 371
225 381
225 386
225 394
225 395
225 398
225 399
9 225
10 225
11 225
17 225
18 225
19 225
21 225
22 225
23 225
24 225
27 225
28 225
39 225
40 225
41 225
48 225
60 225
72 225
73 225
76 225
79 225
83 225
85 225
93 225
95 225
101 225
105 225
106 225
107 225
108 225
109 225
110 225
111 225
112 225
115 225
116 225
117 225
118 225
119 225
120 225
121 225
122 225
123 225
150 225
200 225
222 225
225 227
236 258
236 269
236 280
236 302
236 313
236 324
236 337
236 338
236 341
236 342
236 348
236 349
236 350
236 351
236 353
236 357
236 368
236 369
236 370
236 371
236 372
236 377
236 383
236 386
236 387
236 390
236 391
236 394
236 395
236 399
8 236
10 236
13 236
15 236
22 236
23 236
26 236
27 236
28 236
37 236
38 236
39 236
41 236
45 236
46 236
48 236
50 236
51 236
54 236
55 236
56 236
60 236
63 236
67 236
79 236
83 236
84 236
85 236
88 236
89 236
95 236
99 236
101 236
106 236
107 236
108 236
111 236
117 236
118 236
120 236
121 236
123 236
150 236
163 236
166 236
223 236
230 236
247 324
247 336
247 338
247 340
247 346
247 349
247 352
247 358
247 360
247 368
247 370
247 373
247 379
247 391
247 394
8 247
9 247
37 247
39 247
51 247
78 247
119 247
238 247
258 280
258 313
258 341
258 346
258 349
258 350
258 351
258 357
258 360
258 361
258 364
258 365
258 369
258 370
258 372
258 374
258 376
258 381
258 384
258 386
258 387
258 390
258 394
258 395
258 398
258 399
10 258
11 258
12 258
13 258
15 258
16 258
17 258
18 258
19 258
20 258
21 258
22 258
23 258
24 258
26 258
27 258
28 258
39 258
41 258
50 258
55 258
56 258
60 258
77 258
79 258
85 258
95 258
97 258
98 258
99 258
101 258
105 258
107 258
111 258
112 258
116 258
117 258
118 258
119 258
120 258
121 258
123 258
124 258
150 258
187 258
195 258
196 258
200 258
205 258
218 258
222 258
223 258
231 258
269 280
269 302
269 313
269 324
269 338
269 340
269 341
269 342
269 347
269 349
269 350
269 351
269 354
269 355
269 357
269 358
269 359
269 360
269 361
269 362
269 364
269 365
269 368
269 369
269 371
269 374
269 375
269 376
269 377
269 383
269 386
269 391
269 394
269 396
5 269
8 269
9 269
21 269
24 269
27 269
32 269
37 269
41 269
44 269
46 269
50 269
51 269
53 269
63 269
64 269
65 269
68 269
72 269
75 269
76 269
90 269
112 269
119 269
123 269
165 269
280 291
280 302
280 313
280 324
280 335
280 336
280 337
280 338
280 340
280 341
280 342
280 346
280 348
280 349
280 350
280 351
280 352
280 353
280 354
280 355
280 357
280 358
280 359
280 360
280 361
280 362
280 363
280 364
280 365
280 366
280 368
280 369
280 370
280 371
280 372
280 373
280 376
280 377
280 379
280 380
280 381
280 384
280 385
280 386
280 387
280 391
280 394
280 395
280 396
280 397
280 399
7 280
8 280
9 280
10 280
12 280
13 280
15 280
23 280
24 280
26 280
27 280
28 280
30 280
31 280
35 280
38 280
39 280
41 280
43 280
45 280
46 280
48 280
49 280
50 280
51 280
53 280
54 280
56 280
61 280
63 280
64 280
72 280
73 280
75 280
76 280
77 280
78 280
79 280
83 280
84 280
89 280
90 280
93 280
96 280
98 280
99 280
101 280
103 280
104 280
105 280
109 280
110 280
111 280
120 280
123 280
159 280
161 280
162 280
163 280
164 280
165 280
167 280
168 280
170 280
171 280
172 280
175 280
207 280
291 313
291 324
291 335
291 336
291 337
291 338
291 339
291 340
291 341
291 342
291 344
291 346
291 347
291 348
291 349
291 350
291 351
291 352
291 353
291 354
291 355
291 357
291 358
291 359
291 360
291 361
291 362
291 363
291 364
291 366
291 368
291 369
291 370
291 371
291 372
291 373
291 374
291 376
291 377
291 379
291 381
291 382
291 383
291 385
291 386
291 387
291 388
291 390
291 391
291 392
291 393
291 394
291 396
291 397
291 399
5 291
6 291
7 291
8 291
9 291
10 291
13 291
15 291
16 291
19 291
21 291
22 291
23 291
24 291
37 291
38 291
39 291
43 291
44 291
46 291
48 291
49 291
50 291
51 291
53 291
54 291
59 291
61 291
62 291
64 291
67 291
68 291
72 291
73 291
74 291
75 291
76 291
77 291
78 291
79 291
82 291
86 291
89 291
90 291
95 291
96 291
97 291
98 291
103 291
104 291
110 291
121 291
122 291
159 291
161 291
162 291
163 291
166 291
172 291
192 291
193 291
194 291
197 291
198 291
200 291
203 291
205 291
207 291
208 291
212 291
214 291
215 291
216 291
217 291
219 291
227 291
235 291
237 291
302 313
302 324
302 335
302 337
302 339
302 342
302 346
302 349
302 350
302 351
302 353
302 354
302 357
302 358
302 359
302 361
302 362
302 366
302 368
302 369
302 371
302 376
302 379
302 381
302 382
302 383
302 386
302 387
302 388
302 390
302 391
302 392
302 396
302 397
302 398
302 399
6 302
12 302
15 302
16 302
18 302
19 302
20 302
24 302
41 302
43 302
49 302
53 302
54 302
61 302
75 302
77 302
89 302
90 302
95 302
103 302
104 302
110 302
118 302
126 302
130 302
161 302
168 302
172 302
192 302
193 302
194 302
195 302
196 302
197 302
198 302
199 302
200 302
201 302
203 302
204 302
205 302
206 302
207 302
208 302
209 302
214 302
215 302
217 302
218 302
219 302
313 324
313 335
313 336
313 338
313 339
313 340
313 342
313 344
313 346
313 350
313 351
313 352
313 353
313 354
313 357
313 358
313 359
313 360
313 362
313 364
313 366
313 368
313 369
313 370
313 371
313 372
313 377
313 379
313 381
313 382
313 383
313 384
313 386
313 387
313 394
313 395
313 398
313 399
5 313
7 313
8 313
9 313
10 313
11 313
15 313
17 313
18 313
21 313
22 313
24 313
26 313
27 313
28 313
32 313
38 313
39 313
40 313
41 313
42 313
43 313
45 313
48 313
49 313
50 313
51 313
54 313
55 313
56 313
61 313
62 313
63 313
64 313
65 313
68 313
71 313
72 313
73 313
78 313
79 313
83 313
84 313
85 313
86 313
88 313
104 313
105 313
106 313
107 313
108 313
109 313
111 313
112 313
115 313
118 313
119 313
121 313
122 313
123 313
127 313
129 313
157 313
159 313
162 313
165 313
166 313
167 313
173 313
175 313
196 313
199 313
200 313
209 313
211 313
222 313
232 313
235 313
237 313
262 313
263 313
265 313
313 325
313 326
324 335
324 340
324 342
324 344
324 346
324 349
324 350
324 351
324 352
324 354
324 357
324 358
324 359
324 362
324 364
324 368
324 369
324 370
324 371
324 373
324 376
324 379
324 381
324 382
324 397
6 324
10 324
32 324
38 324
40 324
57 324
60 324
64 324
72 324
73 324
75 324
76 324
79 324
81 324
94 324
103 324
104 324
106 324
108 324
128 324
132 324
138 324
148 324
151 324
152 324
154 324
155 324
156 324
157 324
178 324
182 324
187 324
188 324
189 324
190 324
270 324
273 324
274 324
275 324
276 324
277 324
278 324
279 324
281 324
282 324
284 324
335 336
335 340
335 341
335 342
335 346
335 347
335 348
335 349
335 350
335 351
335 352
335 353
335 354
335 355
335 357
335 358
335 360
335 361
335 362
335 363
335 364
335 365
335 366
335 368
335 370
335 371
335 372
335 373
335 374
335 375
335 377
335 379
335 385
335 386
335 387
335 388
335 390
335 391
335 392
335 396
5 335
6 335
10 335
24 335
37 335
38 335
44 335
46 335
48 335
67 335
68 335
71 335
72 335
77 335
79 335
88 335
94 335
96 335
104 335
130 335
132 335
285 335
286 335
287 335
292 335
293 335
294 335
295 335
296 335
297 335
298 335
299 335
300 335
301 335
303 335
304 335
305 335
306 335
307 335
308 335
309 335
310 335
311 335
312 335
314 335
315 335
316 335
317 335
318 335
319 335
320 335
321 335
336 340
336 342
336 344
336 346
336 350
336 351
336 358
336 359
336 362
336 366
336 369
336 373
336 381
336 383
336 384
336 387
336 397
336 398
6 336
9 336
10 336
11 336
18 336
19 336
21 336
24 336
27 336
32 336
38 336
39 336
41 336
45 336
54 336
55 336
62 336
63 336
64 336
73 336
78 336
83 336
86 336
94 336
103 336
104 336
105 336
108 336
119 336
127 336
151 336
157 336
162 336
163 336
167 336
174 336
195 336
196 336
200 336
206 336
209 336
216 336
222 336
262 336
325 336
326 336
327 336
337 351
337 354
337 361
337 381
337 386
337 390
337 396
337 398
21 337
24 337
39 337
54 337
338 340
338 342
338 344
338 346
338 350
338 351
338 354
338 357
338 361
338 362
338 366
338 369
338 381
338 383
338 385
338 386
338 387
338 388
338 394
338 395
338 398
6 338
7 338
8 338
9 338
10 338
11 338
21 338
24 338
26 338
39 338
41 338
42 338
43 338
54 338
55 338
60 338
64 338
73 338
83 338
84 338
85 338
94 338
103 338
105 338
119 338
126 338
129 338
151 338
157 338
162 338
163 338
167 338
174 338
195 338
196 338
198 338
206 338
209 338
216 338
262 338
325 338
326 338
327 338
339 340
339 342
339 346
339 351
339 354
339 381
339 388
339 394
339 398
7 339
8 339
9 339
10 339
18 339
49 339
50 339
70 339
105 339
195 339
196 339
198 339
207 339
216 339
340 341
340 342
340 346
340 349
340 350
340 351
340 352
340 353
340 354
340 355
340 357
340 358
340 359
340 360
340 361
340 362
340 363
340 364
340 366
340 368
340 369
340 370
340 371
340 372
340 373
340 374
340 376
340 379
340 381
340 382
340 383
340 384
340 385
340 386
340 387
340 388
340 390
340 391
340 392
340 393
340 394
340 395
340 396
340 397
340 398
340 399
4 340
5 340
6 340
7 340
8 340
9 340
10 340
11 340
15 340
29 340
32 340
38 340
41 340
44 340
46 340
48 340
50 340
51 340
54 340
55 340
60 340
64 340
72 340
73 340
77 340
78 340
79 340
93 340
94 340
95 340
103 340
104 340
105 340
132 340
160 340
162 340
197 340
199 340
218 340
232 340
341 344
341 346
341 348
341 349
341 350
341 357
341 358
341 360
341 362
341 366
341 370
341 372
341 377
341 379
341 386
341 394
341 395
32 341
40 341
41 341
44 341
45 341
56 341
342 346
342 349
342 350
342 351
342 352
342 354
342 357
342 358
342 361
342 362
342 363
342 371
342 377
342 379
342 381
342 382
342 387
342 388
342 391
342 393
342 396
342 397
342 399
7 342
8 342
10 342
15 342
31 342
46 342
48 342
49 342
50 342
51 342
52 342
61 342
75 342
90 342
99 342
122 342
165 342
194 342
197 342
203 342
223 342
344 346
344 349
344 352
344 357
344 358
344 366
344 368
344 370
344 372
344 373
344 377
344 379
8 344
9 344
21 344
38 344
40 344
43 344
51 344
55 344
63 344
235 344
346 348
346 349
346 350
346 352
346 353
346 355
346 357
346 358
346 360
346 362
346 364
346 368
346 369
346 370
346 372
346 374
346 377
346 379
346 383
346 392
346 394
346 395
6 346
7 346
8 346
9 346
10 346
27 346
32 346
40 346
41 346
42 346
43 346
44 346
46 346
51 346
60 346
61 346
72 346
75 346
79 346
95 346
104 346
122 346
123 346
148 346
154 346
157 346
162 346
163 346
166 346
347 348
347 351
347 357
347 358
347 362
347 365
347 376
347 381
347 382
35 347
37 347
64 347
66 347
67 347
68 347
70 347
73 347
99 347
103 347
117 347
150 347
152 347
160 347
348 351
348 354
348 355
348 357
348 358
348 364
348 365
348 369
348 370
348 372
348 375
348 376
348 377
348 381
348 398
348 399
5 348
10 348
39 348
64 348
75 348
79 348
83 348
84 348
85 348
99 348
100 348
101 348
120 348
129 348
349 350
349 357
349 358
349 359
349 362
349 366
349 370
349 372
349 376
349 377
349 379
349 383
349 394
26 349
41 349
49 349
55 349
60 349
104 349
123 349
140 349
141 349
142 349
143 349
144 349
145 349
146 349
148 349
149 349
151 349
152 349
153 349
156 349
157 349
350 351
350 352
350 353
350 354
350 357
350 358
350 359
350 360
350 361
350 362
350 363
350 366
350 368
350 369
350 370
350 371
350 372
350 376
350 377
350 379
350 381
350 382
350 384
350 385
350 386
350 387
350 388
350 390
350 391
350 392
350 394
350 396
350 397
350 399
10 350
11 350
13 350
15 350
22 350
23 350
24 350
26 350
27 350
29 350
38 350
39 350
40 350
41 350
45 350
46 350
48 350
49 350
50 350
54 350
63 350
64 350
68 350
73 350
77 350
78 350
79 350
84 350
89 350
93 350
95 350
96 350
98 350
99 350
100 350
101 350
103 350
104 350
105 350
107 350
108 350
110 350
111 350
120 350
121 350
122 350
123 350
159 350
160 350
161 350
164 350
167 350
168 350
170 350
171 350
172 350
175 350
351 352
351 358
351 362
351 363
351 368
351 370
351 373
351 377
351 379
351 380
351 381
351 382
351 384
351 385
351 386
351 391
351 395
7 351
8 351
9 351
10 351
12 351
13 351
21 351
27 351
28 351
29 351
30 351
37 351
38 351
40 351
41 351
43 351
45 351
46 351
48 351
49 351
50 351
51 351
54 351
56 351
57 351
61 351
62 351
63 351
65 351
67 351
68 351
70 351
78 351
85 351
86 351
88 351
106 351
108 351
111 351
121 351
122 351
123 351
130 351
159 351
161 351
162 351
163 351
164 351
165 351
166 351
173 351
187 351
216 351
235 351
237 351
238 351
265 351
352 354
352 357
352 358
352 362
352 364
352 368
352 370
352 371
352 373
352 374
352 379
352 381
4 352
6 352
32 352
38 352
44 352
55 352
60 352
72 352
73 352
75 352
76 352
79 352
103 352
104 352
106 352
124 352
132 352
154 352
155 352
159 352
176 352
177 352
178 352
179 352
181 352
182 352
183 352
184 352
185 352
186 352
187 352
188 352
189 352
190 352
227 352
353 354
353 358
353 361
353 362
353 371
353 377
353 379
353 387
353 388
353 390
353 391
353 392
353 399
6 353
16 353
19 353
31 353
49 353
90 353
193 353
194 353
196 353
197 353
198 353
200 353
201 353
203 353
205 353
207 353
208 353
217 353
354 358
354 361
354 362
354 363
354 368
354 371
354 373
354 377
354 379
354 382
354 387
354 388
354 391
354 392
354 396
354 397
7 354
8 354
19 354
31 354
38 354
40 354
41 354
46 354
49 354
50 354
51 354
90 354
162 354
163 354
194 354
197 354
201 354
203 354
204 354
205 354
207 354
208 354
210 354
355 357
355 365
355 370
355 374
355 377
355 379
75 355
104 355
112 355
222 355
357 358
357 362
357 365
357 366
357 368
357 370
357 371
357 372
357 373
357 374
357 376
357 377
357 379
357 383
357 394
357 395
24 357
27 357
28 357
32 357
38 357
40 357
44 357
45 357
46 357
55 357
56 357
63 357
65 357
68 357
75 357
88 357
95 357
99 357
101 357
106 357
109 357
120 357
121 357
123 357
187 357
358 360
358 361
358 362
358 363
358 364
358 366
358 368
358 369
358 370
358 371
358 372
358 376
358 377
358 379
358 383
358 385
358 386
358 387
358 390
358 392
358 393
358 396
358 397
358 399
10 358
22 358
23 358
24 358
45 358
54 358
64 358
72 358
75 358
78 358
79 358
84 358
89 358
90 358
95 358
96 358
97 358
98 358
99 358
101 358
107 358
116 358
117 358
145 358
149 358
156 358
167 358
197 358
199 358
215 358
223 358
228 358
231 358
271 358
359 362
359 364
359 366
359 372
359 379
359 382
359 393
359 396
22 359
23 359
89 359
90 359
95 359
97 359
107 359
116 359
117 359
118 359
223 359
229 359
360 362
360 366
360 369
360 370
360 371
360 372
360 376
360 379
360 386
360 393
360 396
360 397
13 360
15 360
22 360
23 360
26 360
39 360
41 360
45 360
54 360
63 360
78 360
85 360
89 360
90 360
95 360
98 360
99 360
101 360
107 360
108 360
110 360
117 360
223 360
232 360
233 360
361 362
361 371
361 379
361 387
361 393
361 396
7 361
22 361
23 361
45 361
46 361
49 361
51 361
63 361
66 361
67 361
89 361
90 361
95 361
101 361
107 361
117 361
165 361
223 361
229 361
362 363
362 364
362 365
362 366
362 368
362 369
362 370
362 371
362 372
362 376
362 377
362 379
362 381
362 382
362 383
362 385
362 386
362 388
362 390
362 391
362 393
362 394
362 396
362 397
362 399
7 362
15 362
19 362
22 362
23 362
24 362
39 362
41 362
46 362
48 362
49 362
52 362
54 362
56 362
67 362
75 362
77 362
78 362
79 362
83 362
84 362
89 362
90 362
95 362
96 362
97 362
98 362
99 362
101 362
104 362
107 362
110 362
116 362
117 362
118 362
120 362
145 362
149 362
157 362
162 362
163 362
199 362
207 362
209 362
223 362
226 362
227 362
228 362
229 362
231 362
232 362
233 362
363 371
363 379
363 382
363 394
363 399
64 363
87 363
364 368
364 370
364 377
364 379
364 394
27 364
28 364
32 364
38 364
50 364
51 364
61 364
63 364
68 364
72 364
79 364
81 364
88 364
106 364
108 364
109 364
119 364
123 364
124 364
137 364
138 364
187 364
188 364
365 373
365 374
365 376
365 377
365 391
365 394
365 395
27 365
40 365
41 365
45 365
56 365
71 365
108 365
109 365
121 365
366 377
366 379
366 390
366 393
366 394
366 395
7 366
8 366
9 366
10 366
22 366
24 366
27 366
37 366
38 366
43 366
51 366
68 366
85 366
95 366
119 366
122 366
229 366
368 369
368 370
368 371
368 373
368 379
368 381
10 368
24 368
32 368
38 368
44 368
45 368
60 368
72 368
73 368
75 368
76 368
79 368
81 368
82 368
83 368
94 368
103 368
104 368
105 368
130 368
131 368
132 368
137 368
138 368
149 368
154 368
156 368
222 368
234 368
239 368
240 368
241 368
243 368
245 368
246 368
248 368
252 368
253 368
254 368
255 368
256 368
257 368
259 368
263 368
369 370
369 377
369 381
369 391
369 394
7 369
8 369
10 369
21 369
22 369
27 369
28 369
45 369
50 369
51 369
55 369
63 369
77 369
81 369
83 369
84 369
121 369
123 369
138 369
162 369
163 369
165 369
263 369
370 371
370 372
370 374
370 377
370 379
370 383
370 394
6 370
21 370
27 370
28 370
32 370
39 370
40 370
43 370
44 370
45 370
50 370
60 370
61 370
63 370
64 370
72 370
79 370
83 370
84 370
85 370
94 370
103 370
108 370
119 370
121 370
123 370
127 370
157 370
162 370
166 370
262 370
263 370
371 377
371 379
371 385
371 386
371 387
371 388
371 390
371 391
371 394
371 398
371 399
15 371
24 371
31 371
45 371
46 371
49 371
50 371
68 371
103 371
161 371
267 371
270 371
271 371
272 371
372 377
372 379
372 386
372 393
372 394
372 395
372 397
13 372
24 372
40 372
45 372
50 372
61 372
77 372
95 372
99 372
100 372
101 372
107 372
108 372
230 372
231 372
233 372
373 379
373 381
373 382
373 383
4 373
6 373
32 373
40 373
45 373
46 373
60 373
64 373
73 373
75 373
112 373
149 373
275 373
276 373
277 373
279 373
374 377
375 376
5 375
6 375
94 375
132 375
285 375
286 375
287 375
288 375
289 375
290 375
292 375
293 375
294 375
295 375
296 375
297 375
298 375
299 375
300 375
301 375
303 375
304 375
305 375
306 375
307 375
308 375
317 375
318 375
321 375
323 375
376 377
376 391
376 394
5 376
6 376
46 376
94 376
132 376
145 376
285 376
286 376
287 376
288 376
292 376
293 376
294 376
295 376
296 376
297 376
298 376
299 376
300 376
303 376
304 376
305 376
306 376
307 376
308 376
309 376
310 376
311 376
312 376
314 376
317 376
318 376
321 376
323 376
377 381
377 383
377 384
377 387
377 391
377 394
377 395
377 396
377 398
6 377
9 377
10 377
11 377
19 377
20 377
21 377
22 377
23 377
24 377
26 377
32 377
39 377
41 377
42 377
44 377
46 377
50 377
54 377
55 377
64 377
68 377
72 377
73 377
75 377
76 377
77 377
79 377
83 377
84 377
85 377
86 377
94 377
97 377
99 377
100 377
101 377
103 377
105 377
107 377
115 377
119 377
120 377
126 377
129 377
137 377
139 377
151 377
163 377
167 377
174 377
195 377
208 377
209 377
216 377
227 377
232 377
233 377
262 377
263 377
264 377
265 377
325 377
326 377
379 381
379 383
379 385
379 386
379 388
379 390
379 391
379 396
379 397
379 398
379 399
7 379
8 379
9 379
10 379
15 379
21 379
24 379
35 379
38 379
46 379
48 379
55 379
75 379
76 379
81 379
82 379
86 379
98 379
103 379
144 379
162 379
163 379
166 379
168 379
216 379
325 379
380 381
380 382
381 385
381 391
381 394
381 395
7 381
8 381
9 381
10 381
12 381
13 381
15 381
21 381
26 381
27 381
28 381
29 381
30 381
38 381
41 381
43 381
45 381
46 381
48 381
50 381
51 381
54 381
56 381
61 381
62 381
63 381
65 381
67 381
68 381
70 381
76 381
82 381
83 381
85 381
88 381
106 381
108 381
111 381
115 381
119 381
121 381
122 381
123 381
128 381
138 381
161 381
162 381
163 381
165 381
166 381
173 381
174 381
235 381
237 381
253 381
265 381
326 381
327 381
382 391
382 392
382 397
9 382
10 382
35 382
40 382
46 382
50 382
53 382
54 382
62 382
68 382
86 382
110 382
162 382
197 382
216 382
328 382
7 383
8 383
9 383
10 383
37 383
39 383
41 383
43 383
49 383
51 383
63 383
384 385
7 384
15 384
51 384
63 384
164 384
385 386
15 385
48 385
54 385
63 385
64 385
73 385
93 385
159 385
167 385
168 385
172 385
386 394
386 395
386 399
15 386
22 386
24 386
27 386
45 386
46 386
48 386
51 386
54 386
56 386
61 386
63 386
65 386
88 386
95 386
97 386
99 386
101 386
111 386
122 386
161 386
167 386
172 386
387 388
387 390
387 391
387 392
387 399
19 387
31 387
46 387
49 387
193 387
194 387
197 387
203 387
205 387
207 387
208 387
209 387
218 387
388 390
388 392
15 388
31 388
49 388
193 388
194 388
197 388
203 388
205 388
207 388
390 392
390 399
15 390
27 390
28 390
31 390
40 390
45 390
49 390
63 390
89 390
108 390
109 390
112 390
121 390
192 390
193 390
194 390
197 390
200 390
201 390
203 390
204 390
205 390
207 390
208 390
210 390
211 390
391 396
391 397
391 399
10 391
27 391
41 391
48 391
49 391
50 391
52 391
53 391
64 391
75 391
90 391
99 391
197 391
223 391
392 399
19 392
31 392
49 392
197 392
207 392
393 394
393 395
393 396
393 397
24 393
77 393
78 393
96 393
97 393
98 393
199 393
226 393
227 393
228 393
232 393
394 396
394 399
7 394
8 394
11 394
12 394
13 394
15 394
21 394
22 394
23 394
26 394
27 394
28 394
38 394
39 394
41 394
42 394
43 394
45 394
48 394
50 394
51 394
54 394
55 394
59 394
60 394
63 394
64 394
65 394
68 394
72 394
79 394
83 394
84 394
85 394
89 394
90 394
95 394
99 394
101 394
106 394
107 394
108 394
109 394
110 394
111 394
116 394
117 394
119 394
120 394
121 394
123 394
124 394
129 394
150 394
151 394
152 394
199 394
223 394
228 394
229 394
232 394
233 394
238 394
7 395
15 395
21 395
22 395
23 395
27 395
45 395
50 395
51 395
54 395
60 395
63 395
65 395
68 395
89 395
95 395
99 395
101 395
107 395
117 395
123 395
223 395
233 395
23 396
46 396
51 396
56 396
77 396
78 396
89 396
90 396
96 396
97 396
145 396
199 396
23 397
77 397
89 397
90 397
95 397
101 397
398 399
7 398
8 398
9 398
10 398
21 398
27 398
28 398
37 398
43 398
45 398
50 398
51 398
56 398
61 398
62 398
63 398
65 398
67 398
68 398
70 398
88 398
93 398
115 398
122 398
123 398
162 398
163 398
165 398
173 398
174 398
216 398
238 398
326 398
17 399
31 399
45 399
46 399
49 399
50 399
56 399
63 399
65 399
68 399
88 399
103 399
109 399
196 399
197 399
210 399
211 399
217 399
270 399
271 399
4 40
4 72
4 128
4 273
4 274
4 275
4 276
4 277
4 279
4 281
4 284
5 29
5 31
5 285
5 286
5 287
5 292
5 293
5 294
5 295
5 296
5 297
5 298
5 299
5 303
5 304
5 307
5 308
5 309
5 310
5 311
6 7
6 8
6 9
6 29
6 38
6 39
6 43
6 49
6 50
6 51
6 65
6 84
6 163
6 238
6 285
7 9
7 10
7 11
7 17
7 54
7 55
7 62
7 63
7 64
7 73
7 83
7 86
7 94
7 105
7 119
7 163
7 167
7 174
7 198
7 206
7 216
8 11
8 32
8 43
8 54
8 55
8 62
8 64
8 73
8 82
8 86
8 94
8 105
8 108
8 123
8 157
8 162
8 163
8 167
8 216
9 11
9 17
9 26
9 32
9 43
9 51
9 54
9 55
9 62
9 64
9 73
9 76
9 84
9 85
9 94
9 103
9 122
9 127
9 157
9 162
9 163
9 167
9 216
9 237
9 325
9 326
9 327
9 329
9 330
9 333
10 17
10 21
10 24
10 27
10 38
10 39
10 41
10 43
10 45
10 46
10 51
10 55
10 56
10 62
10 63
10 68
10 72
10 73
10 83
10 84
10 85
10 94
10 104
10 105
10 106
10 108
10 111
10 119
10 121
10 122
10 123
10 126
10 129
10 162
10 163
10 165
10 198
10 206
10 216
10 237
10 263
10 325
10 329
10 330
10 333
11 15
11 28
11 43
11 45
11 48
11 50
11 51
11 56
11 63
11 65
11 111
11 122
11 162
11 163
11 174
12 63
12 73
12 172
13 15
13 45
13 73
13 99
15 24
15 45
15 48
15 50
15 54
15 63
15 73
15 111
15 159
15 161
15 168
15 171
16 45
17 21
17 28
17 38
17 45
17 50
17 51
17 122
19 31
19 46
19 49
19 194
19 197
19 203
19 207
20 50
20 51
21 26
21 28
21 39
21 45
21 49
21 50
21 51
21 56
21 63
21 73
21 83
21 85
21 105
21 109
21 119
21 122
21 162
21 200
22 23
22 24
22 26
22 27
22 41
22 45
22 56
22 63
22 65
22 68
22 77
22 78
22 88
22 95
22 96
22 97
22 98
22 109
22 119
22 226
22 228
22 230
22 231
23 24
23 45
23 63
23 77
23 78
23 88
23 89
23 90
23 95
23 96
23 97
23 116
23 119
23 226
23 230
23 231
24 27
24 28
24 38
24 41
24 45
24 50
24 51
24 54
24 56
24 61
24 63
24 65
24 89
24 90
24 95
24 99
24 107
24 108
24 109
24 111
24 117
24 118
24 122
24 151
24 223
26 27
26 28
26 45
26 50
26 51
26 83
26 85
26 108
26 123
27 28
27 39
27 41
27 45
27 50
27 56
27 57
27 63
27 68
27 72
27 83
27 84
27 85
27 88
27 98
27 106
27 107
27 108
27 109
27 112
27 119
27 126
27 210
27 264
28 39
28 43
28 45
28 54
28 63
28 64
28 73
28 83
28 84
28 85
28 105
28 108
28 109
28 121
28 122
28 127
28 162
28 216
28 326
29 30
29 31
31 49
31 64
31 194
31 197
31 203
31 205
32 33
32 34
32 35
32 37
32 38
32 39
32 40
32 41
32 42
32 43
32 66
32 84
35 37
35 44
35 46
35 64
35 66
37 44
37 64
37 73
37 75
37 76
37 103
37 104
37 132
38 44
38 60
38 64
38 73
38 76
38 79
38 83
38 94
38 112
38 130
38 131
38 132
38 137
38 139
39 40
39 44
39 45
39 50
39 60
39 61
39 65
39 108
39 122
39 157
39 162
39 163
40 45
40 60
40 64
40 73
40 83
40 99
40 103
40 277
41 42
41 45
41 50
41 51
41 107
41 162
42 61
43 54
43 55
43 64
43 73
43 94
43 105
43 157
43 162
43 163
43 167
43 216
44 66
44 67
45 68
45 78
45 79
45 81
45 83
45 84
45 85
45 89
45 95
45 97
45 99
45 101
45 107
45 108
45 111
45 112
45 116
45 117
45 119
45 120
45 121
45 123
45 126
45 129
45 205
45 222
45 223
45 226
46 48
46 49
46 50
46 52
46 53
46 64
46 194
48 50
48 64
48 73
48 159
49 51
49 64
49 75
49 90
49 103
49 104
49 193
49 194
49 197
49 203
49 205
49 208
49 220
50 54
50 64
50 68
50 72
50 73
50 79
50 83
50 84
50 85
50 86
50 97
50 105
50 107
50 108
50 110
50 111
50 115
50 119
50 129
50 162
50 163
50 174
50 195
50 198
50 216
50 263
50 325
50 326
51 54
51 55
51 64
51 72
51 73
51 84
51 85
51 86
51 94
51 103
51 105
51 107
51 110
51 129
51 157
51 162
51 163
51 167
51 174
51 195
51 196
51 198
51 216
51 227
51 262
51 325
51 326
52 53
54 61
54 63
54 67
54 70
54 78
54 122
54 161
54 165
54 166
54 235
55 56
55 57
55 59
55 60
55 61
55 62
56 60
56 68
56 79
56 89
56 101
56 107
56 120
56 123
57 123
60 63
60 81
60 82
60 85
60 123
60 130
60 138
60 155
61 73
61 79
61 83
61 84
61 85
61 94
61 216
62 73
62 195
62 216
62 237
63 64
63 72
63 73
63 79
63 83
63 85
63 89
63 95
63 97
63 98
63 107
63 108
63 111
63 112
63 116
63 117
63 119
63 121
63 123
63 124
63 126
63 127
63 128
63 265
64 67
64 68
64 70
64 73
64 78
64 87
64 88
64 159
64 160
64 161
65 94
65 95
65 238
67 70
67 73
68 72
68 73
68 78
68 79
68 83
68 105
68 106
68 107
68 108
68 119
68 126
68 253
70 73
70 122
72 79
72 123
73 88
73 111
73 122
73 159
73 160
73 161
73 162
73 163
73 166
73 174
73 235
73 237
73 238
76 81
77 89
77 90
77 95
77 99
77 107
77 116
77 117
77 223
77 229
77 232
77 233
78 89
78 90
78 95
78 101
78 107
78 145
78 167
78 223
79 82
79 88
79 108
79 123
79 132
79 162
79 234
81 82
81 83
81 86
81 108
81 123
81 131
81 138
81 234
81 241
81 245
81 252
81 253
81 254
81 255
81 256
81 257
81 263
82 83
82 86
82 108
82 123
82 131
82 138
82 139
82 254
82 263
83 85
83 108
83 109
83 121
83 122
83 123
83 131
83 162
83 187
83 234
83 238
83 253
83 255
84 108
84 123
84 162
84 265
84 266
85 108
85 122
85 123
85 162
86 139
86 166
86 216
86 235
86 237
86 238
86 329
86 330
86 332
88 95
88 112
89 96
89 98
89 226
89 227
89 228
90 96
94 122
94 163
94 166
94 235
94 237
94 238
95 96
95 97
95 99
95 101
97 107
98 101
98 107
99 101
100 101
101 232
101 233
103 270
103 271
105 122
105 163
105 173
106 119
106 155
107 226
107 230
108 138
108 263
108 264
110 164
112 121
112 123
112 222
118 119
119 121
119 123
119 137
121 277
122 163
123 126
123 129
123 137
123 138
123 222
123 241
123 245
123 262
123 263
128 274
131 138
138 234
138 241
138 243
138 244
138 245
138 248
138 250
138 254
138 255
138 261
155 179
155 186
155 187
159 160
159 161
162 166
162 216
163 165
163 166
163 173
163 325
165 207
165 238
173 216
176 184
179 186
181 183
182 188
187 188
187 189
192 193
196 197
197 200
197 201
197 207
206 237
208 218
214 215
214 219
214 221
215 219
215 221
216 237
216 325
223 231
230 232
239 240
239 241
239 242
240 241
240 242
241 242
241 245
241 246
241 248
241 251
241 259
241 260
243 244
244 245
244 250
245 246
245 248
245 249
245 250
245 251
246 248
250 261
254 255
256 257
266 333
267 268
267 270
268 270
270 272
273 274
275 276
276 278
276 279
278 279
278 281
285 289
285 297
285 298
286 288
289 293
289 295
289 297
289 300
297 322
325 329
325 333
329 330
329 331
