1413 1330
89 116 276
89 568
89 224 461 1316
89 177 224 663 664
89 582
89 294 617
89 272 715 1096
70 89 870 984 1069
29 89 916
54 89 592 708 709
89 99 607
89 1233
89 421 523 876 877
89 261 262 1193
81 89 1068 1246
89 226 308 1030
89 592
89 421 580 856
89 764
89 382 720 1087
89 856 971
89 392 393 1010
89 405
89 446 607 771
89 486
89 475 495
89 421 635 805 867
89 642 856 889
81 89 1126
81 89
89 488 709 726
89 582 899 975
89 1105
89 1134
89 275
89 582 664
89 421 523 592
89 177 621 622 1085
89 512 856 1091
89 383 421 487 592
89 177
89 93
89 272 293 471
89 335 446 1086
89 155
89 523
89 296 437 438 737
89 570 678
89 116 802 1096 1184
89 153 308 772
19 20 89 116 126
89 262 802 977
89 99
89 544 1013
23 70 80 89 100
89 126 475
89 895
71 79 89
89 336 625
89 421 567
89 195 226 678
70 89
89 272
89 99 100 421
89 350
89 475
89 211 1025
89 831
89 1010
89 393 1010 1310
89 421
89 584
89 177 1085
89 383 523 562
8 89 876
89 99 272
89 335 446 1074
81 89 678
89 446
89 523 582
89 101
89 226 365 976
89 984
70 89 101
89 986
89 421 850
89 642 856 1167
89 471 475 494 495
89 99 116 446 1025
89 550
89 221 421
89 110 876
89 740
89 595 783
89 605 607 1075
89 196 607
89 547 562 592 664
89 919 956 1096
89 771 1066 1225
89 100 101
89 177 664 956
89 116
89 605
89 196 487 1122
89 927
81 89 1111 1114
89 622 1041
89 1085
89 568 1154
81 89 622 1041
89 196 592
89 642 1075 1120
89 497
89 121 495 582 764
89 544 946 1117
89 892
89 876 896 898
89 550 850
89 392 393 1010 1310
89 136
89 224
89 305 421 582 741
89 492 509
89 99 378
89 421 678
93 394 841 1281 1287
47 283 293 932 933
235 283
283 1250 1315
283 294 345 517
210 245 283 293
47 210 283 293
47 283 293 707
283 284
113 283 293
25 156 256 283
207 283
283 1230
242 283 294 857
88 155 283 293 294
155 283 293 457
92 283 707 1157
155 241 283 293
33 110 212 283 294
283 293 389
155 283 405 795 1323
283 293
251 283 734 1232
283 293 497 734
283 290 293
35 156 283 389 734
283 290 293 294 734
283 284 288 734
74 249 283 293 643
283 293 834 1309
251 283 293
155 241 283 293 294
283 734
155 283 294
95 283 293 389 445
210 283
2 283 293 317 882
283 290 457
30 283 284 293 497
155 251 272 283 295
156 734 987 1191 1229
294 734 766 1189
272 470 734 834
88 457 734
293 571 707 734
155 293 294 317 734
256 258 734
287 734 851
155 241 293 734
734 857
245 284 293 323
17 37 288 293 294
287 288 294 969 1232
363 784 932
155 363 1302
50 330 336
50 1109 1226
990 991
900 990
900 991 1136
249 272 293
272 851
40 272 293 485 1052
272 293 462
272 293 302 707 768
272 293 395
272 309
272 1293
272 985
272 321 376 851 1154
272 293 1171
42 110 272 293 588
216 272 1149
12 214 272 293 1154
155 272 293
155 241 272
272 293 294
272 714 967 1187
66 72 316
84 316 317 1045
42 52 316 395
42 44 316 357 554
171 316 317
316 317
316 379 554 970 1177
317 788 789 844
317 1119
42 224 317 554 798
317 970
317 1022
142 317
317 554
189 317 1237
317 1208
208 317 337 394 1285
317 1177
317 394 395
84 317
317 829 1201
42 317
84 86 317
317 1237 1320
317 748 955 1177
317 812 869
317 844 1318
317 371 395
317 878
317 806
317 366 394 844
317 395
224 317 504 750
289 317
317 874
317 1237
317 540 665 668
317 357 554 1216
317 394 1251
253 583 589 772
755 756 772
772 775
153 253 309 772
305 378 772
318 772 773 775
14 150 253 772
773 775
153 309 318 378 1255
318 573 688 1329
204 1137 1143
155 486 1137 1145
1017 1137
205 1137
204 376 1143
116 602 1073 1143
925 965 1250
785 1250 1327
924 925 1250
59 360 403 785
415 515 516 785
785 805 861 1201 1308
13 281 296 360 785
118 336 1024
336 515 516 951 1081
8 336 829
336 508 525 904 1201
334 336
336 1090
336 828 851
248 336
336 360
178 217 336 648 723
336 447 448
56 336 948
178 336 1011
78 195 228 248 336
117 228 336 370 628
336 365 1317
336 792
280 336 395 616
178 336
226 334 336
166 195 336 672 680
178 336 556 557 643
178 336 518
336 518 1202
249 294 336 776
155 395
108 394 395 541
189 395 1237
299 326 395 461
8 395
394 395
350 395 982
347 395
155 293 295 395 1249
395 1286
395 1291
350 395 1160
395 1008
155 224 395
155 294 311 395
224 395
379 395
185 189 303 386 395
247 395
326 327 395 459
395 836 983 1313
395 941
395 408
41 106 394 395
326 395 461
366 394 395
41 107 224 395
106 395 830 1194
394 395 408
115 395
224 394 395
395 411 616
155 294 373 395
107 395
42 357 395
63 68 394 395
9 63 394 395
35 155 395
395 1082
37 1244
37 367 442
37 344 585 1179 1246
37 248 371 1027 1179
37 163 1272 1284
37 465 506 593
37 178 1273
37 43 929 930 935
37 234 277 279
37 226 365 822 1278
37 43 706 1012 1179
37 152
582 664
582 592
524 582
582 584 586
440 582 622
83 179 232 265
179 1199
42 179 1199
179 1014 1150
42 616 641 1201
118 618 691 771 802
34 222 417 1157 1229
306 578 755
91 754
755 780 781
307 578 620 755
307 341
82 307 309 341
308 432 577 619 620
118 165 308
309 756 1173
756 1213
658 677 756
575 577 756
309 1172 1173
149 153 253 309
36 253 309
82 309 573
760 1240
178 760
42 760 814
39 181 631 738 760
542 760
646 681 683 760
526 1079 1158 1170 1240
226 227 1240
226 334 801 954 1240
8 86 497 829 1240
129 344 453 757 1260
129 256
129 453 757
129 213 305 378 1093
6 129 282 305
129 453
178 669 672 723 797
118 178 651 723 1043
178 1035 1036
178 195 223 310
178 1213 1214
178 361 1055
178 723 1314
178 762
178 213 361 728 729
178 213 361
178 1152
178 249 604
178 195 223 310 627
178 195 310 651 1131
178 195 310 651
178 346 648 669 1042
162 178 182 545
178 1093
13 296 724
228 296 719 1201
164 296 365 437 719
296 747
233 296 528 657
39 220 296 407
39 296 677 1156 1221
296 693 747
233 236 296 1046
233 296
228 296 447
217 233 296 669
296 608
233 296 517 630 657
39 608 629 747
328 330 666 695 747
39 118 747
42 747 814 818
39 513 542 738 747
747 829
542 657 747 1296
630 646 747 1079
437 719 733 747
94 297 303
297 303 962 1258
297 303 763
297 303 765
297 634 765
297 763
32 297 444 763
297 303
297 303 441 549 901
32 297 763
297 303 444 763
32 297 303 444 763
297 303 763 765
297 303 444
246 303 362
303 428 1237
198 303
303 444 763 765
303 763
303 836
32 303 763
303 549 910
303 549 763 905 910
185 303 551 763
303 362
9 303 394 957 1008
303 394 786
1004 1236 1237
189 1236
1236 1237
189 1236 1237 1238
189 1200 1237 1238
189 1237 1320
189 1237
836 1237
189 1237 1238
189 1148 1237 1238
381 510 1237
189 381 510 1237 1238
132 356 1124 1267
42 356 1054 1267
574 858 864 1307
574 821
313 574 612 821
234 277 575
575 692
575 654 692 805
433 577 619 701
577 746
341 578 1172 1173
482 578
432 433 593 619 620
619 780 781
620 1307
277 620
435 436 620
620 821
87 181
48 181 631 632
181 265
181 631 632
631 632
168 631
631 1263
84 631
42 631 814
631 766
342 409 631
600 631 632
409 631 1263
48 631 632
87 409 631 632 689
48 409 632 766
226 672 676 677 681
672 723
77 118 672 1224 1264
164 197 223 225
131 223 1284
194 223 645 807
223 627
223 1202
223 519 792
223 248 601 1043
195 223 310
223 829
223 960 1202
676 1272
597 676 822 1012 1065
445 565 676
133 676
333 414 452 676 904
525 676
565 676 724
452 676 810 904
676 793
133 676 683 793
226 542 676
594 676 713 904
452 594 676 904
163 676 1272
42 542 679 1156
679 680 1156
683 801 954 1002 1156
677 1156
683 1156 1159
224 247 903
224 1076
224 1195
107 224 1194
224 909
224 1315
224 941
224 1048
224 1268
224 738
51 114 224 1107
224 945
78 117 224 653
224 531
224 1018
224 304 342 409
78 224
119 224 226 653
78 224 653
224 247 294 445 1302
8 224 636 637
119 224 1142
224 293 1306
44 57 224 304
128 224 337
58 128 224 736 957
224 1245
224 357 366 1015
224 498
224 394
84 224 535
224 994
224 809
177 224 349 799
84 224
78 119 224 228 653
28 74 226 911
120 226 563
226 333 1158
84 226 786
226 331 334 365 933
226 1292
226 675
226 1158
226 365
226 269
226 334 365 1158
226 334
111 226 681 818
42 226
51 226 334 792
163 226 333 334
124 226 334
226 334 476 495 1083
111 226 328 679 1158
118 226 365
118 226 248
226 649 650
248 1158
564 1012 1158
679 681
448 542 624 679
566 679
448 679 719 813
96 679
312 447 448 497 679
249 681 1298
315 683 1228
683 846
228 1089
228 248 344 1027
155 228 295 707
228 665
139 228 319 1016
195 228 609
74 561 1325
507 1325
74 85 1325
40 390 784 857
40 390 857 862 1309
40 966 1050 1101
40 42 44
40 287 559
42 525 933
42 84 796
42 638
42 357
42 161 700 1107 1175
42 201
42 1199
42 659 1125 1128
42 1177
42 73
33 42 155 290 367
42 44 324 1199
42 655 656
18 42 44 1101
42 357 1199
42 324
42 298
26 42 356 752
44 705
44 656 711
44 128
44 222 287 1222
44 84 353 406
44 267 406 1196
44 963 1000
44 97 353 406
155 293 427
69 155 241 245 293
155 1193
155 371
155 844
155 1227
155 293 294 394
155 293 389 921
155 293
301 312 338 697 1110
643 1043
643 1055 1116 1130 1252
557 643
601 643 657
270 557 643
249 508 643 776
233 648 1241
233 517 528 648
312 1224
281 312 338
258 312 647 667
281 312 576
312 338 360
233 312 791 839
312 515 951 998
312 447 497
312 338
59 281 312
312 422 529 1165
43 929
43 930 935 1135
43 929 935 1033 1135
929 1231
929 930 1053
5 48
48 53
48 84 630 718 722
531 536 537
531 748 750
109 531 534 537
531 534
189 428 661
189 386
189 428 661 1217
246 362 521 656
246 362 521
313 821
1024 1328
627 758 1024
418 627 1024
59 236 614
233 236
236 360 697
236 1081
357 700 869 1107 1174
357 700
241 293 335
241 293 335 1193
49 241
47 293 707
21 293 707
295 500 707 771
245 777
38 245 851
47 245 293
2 173 247 251 292
247 829 938 1254
105 183 247 1008
247 293 294
251 457
251 348 517
290 293 489 781 1283
290 913 999
192 213 290
290 385 1274 1303
126 290 475 568 1041
290 389 611 615
73 156 293 294 1151
293 389 425
49 293
156 293 462
159 293 389 778 875
293 348 828 851
293 295
293 777
293 1249
293 389 834
293 389 921
35 293
256 293 882 1198
47 293
293 389
74 293 398
95 293 302 1232
95 293 294 302 1230
293 389 1249 1295
293 869
294 761 800
294 558 1138 1261
294 344 834
107 248 294
294 610 978 1078 1140
295 999 1003
751 844
56 163 1062 1272
1032 1273
1223 1273
627 1273
51 365 1204
131 333 334 365 792
452 594 822 904
506 514 822
793 822
163 368
368 986
828 834
834 851 852 855
113 238 348 834 851
345 369 834 851
484 770
545 792 797
458 520 545 797
59 601
601 727 728
74 507 601
475 494 601
163 450 558 702
163 1183
546 587 590 591 613
613 616
461 616
168 342 766 1034
655 869
34 170 417 655 717
647 655 711
417 647 655 656 711
416 467 655 711 806
473 655 711
128 655 656
287 501 655 711
304 409 656 711
128 656
57 128 656
102 103 147 219 268
199 219 268 1199
102 103 219 1212 1256
102 219
268 1256
187 268 1099
102 268 955
102 187 268 1099
268 1092
103 268
102 103 268 1256
103 1199
120 162 227 270
443 1127 1202
723 1202
59 263 1203
263 1180 1203
1055 1116 1203 1207
263 1203
59 281 422 1180 1203
723 1275
131 814 878 1201
394 1274 1280
953 1274 1289
63 186 838 1039 1102
63 65 68 959
2 156 332 397
978 1064 1078 1140
457 1064 1228
525 542 878 1201
195 658 662
56 195 1062
151 195 979
195 1204
195 657 779
195 248 657
151 195
195 1043
195 657 1201
195 525
195 248
386 428 865
24 386 865
386 1008
209 437
437 438
28 74 908 911
315 810 908
74 1186 1294
74 561 1002 1254
74 85
74 807 1254
74 561
74 507
74 1297
568 570 1154
126 568 570 1041
568 570 1041
12 126 887 888 1211
126 291 887 1211
70 126 1215
123 275 424 787 1041
376 400 1041
570 1154
1020 1021
281 338 360 1021
59 254 1021 1322 1324
955 1037 1312
955 1037
890 897 898 1038 1077
896 897 898 1038 1080
213 429 481 1139
360 667 735 776
334 953
334 372
131 334 793
59 338 351
59 338
338 360 1305
13 338 387 515
13 138 174 338 387
281 338 360
237 338 360
344 1188
91 344
508 829 1288 1290
508 706 745
508 829 1288
7 133 285 1164 1166
1 7 133 399
7 133 319 322
7 133
1 4 7 133 399
78 119 248 379
248 445
249 390 614
455 491 540
627 657
305 627
628 724 846
697 1162
515 516 686 697
160 560 686 742
285 321 1164 1166
237 698 742 1165
233 1046
160 233 250 403
233 1304
233 285 1166 1218
233 576 791
59 233 419 694
233 528
233 287 304 1000 1150
420 422 696
360 1014 1166
360 867 1166
301 1166
301 517 1166
11 174 237 387
360 515 516 697
515 516 697
515 516 698 839
285 320
18 356 1101
360 805 809 812
654 805
208 209 654 805
360 657
301 360 1014
360 516
360 515
366 812 1316
475 494 495 496 795
475 496 639
475 494 495 795
475 494 495 496 505
405 475 585 639
471 475
335 475 795 1323
475 585 639
471 475 495
102 103 1092
26 103 255 906
38 922 923
38 922
38 84 406 459 923
38 893 894
38 62 502 503 981
260 354
260 262 354
260 1182
262 907 1182
262 1182
262 907 977 1182
262 950
21 140
383 421 523 740 831
523 622
383 523
527 532
22 27 532
825 832 1284 1289
162 566 606 792 825
131 506 825
131 465 825
162 606 792 825 832
59 1014
59 837
13 59
59 60
59 289
277 463
277 463 731
342 409 1263
409 673 766 1263
218 673 674 766 1263
218 673 766 1263
134 409 766
409 1040 1070
183 385 654
211 1141
206 209 231
208 211
208 939
208 947 1259
209 211 239 869 1077
31 104 109 211
211 534 739
22 472
22 468 472 866 1067
22 67
22 866 868 1067
22 868 993
22 76 472 866 868
22 472 703
22 402
22 76 472 866 1067
27 1161
256 1068
256 258
256 258 388
258 417 647 1198
217 346
304 1220
553 559 1220
552 559 1220
230 304 331 1221
34 286 287 657
287 304
287 339 375
222 287
170 287 304 412
287 779
339 448
339 340 796
348 800
761 800
652 967 1115 1123 1293
961 967
635 967
90 599 614 1241
390 614 784 857
366 391 394 859 863
391 394
70 276 394
366 394
132 394 804 968
394 942 943
394 1271
84 114 289 406
573 687 1329
278 687
687 688 690 692
538 539 688
278 573 688 1329
329 690
274 423 692 706 827
539 583 692
573 583 692
310 692
692 845 848
692 845
47 781
56 807 996 1319
56 953
56 807 829 934 1319
160 515 1305
515 516 926
518 1127
252 918 953 1179 1262
252 918 1265
252 379 953 1179
252 379 766 953 1179
1096 1100
512 1096 1100
70 1096
451 1075 1096
14 150 253
14 253
829 1288 1290
807 829 980 1319
807 829 934 980
452 829 904
525 829 1319
829 1201
115 404 941
1019 1026 1027 1029
450 558 1138
176 240 259 384 1001
243 1051
175 176 243 259 300
141 176 243 989 1051
175 176 243
176 243
84 289 730
289 1144
107 361
107 1018
107 1093
657 1152
352 657 1201
540 1330
171 752 1330
900 1136
84 684
7 84
55 84 1277
84 730
84 1204
84 554
84 125 390 730
84 1023
51 84
84 1248
46 86 931
46 86 114
66 86 1005 1253
486 554 1075
525 566
566 1247
171 566
571 1062
998 1081
422 529 560
326 350
328 330
328 792
85 1254
359 857
390 857
390 425 784 857
1204 1206 1309
335 405 795 1323
335 374
214 605 854 1317
321 978 1328
355 806 978
978 1078 1098 1140
1044 1150
576 790
99 1167
98 167 172 304
79 183
183 184
183 869 988
736 806
117 1059
666 719 737 807
7 139 319
7 157
7 301 517
7 128 569
7 1048 1235
559 953 954 1002
559 801 954
955 1176 1239
955 1169 1312
955 1312
955 1169 1239
203 636
271 364 718 721 722
87 411 721 779
139 319 940 1048 1235
8 603
8 906
8 70 1069
8 1015
540 668
540 873
301 912 1241
898 1077 1080
1077 1080
896 897 1077 1080
663 1117 1121
429 579 671
429 817
229 429 671
429 430 431 685 699
429 431 685 699
429 555 579 671
429 579
429 430 579 671
429 430 431
85 507 1318
70 715
70 276 1069
70 275 276 592 1293
1142 1163
278 358 539 826
34 169 170 172
461 1293
461 716 1185 1190
461 572 1185
461 543 1057
276 984
569 736
3 128
57 58 128
128 804 860
417 1198
600 1157
647 1157
647 1097 1157
647 884 1157
214 617 715
100 214 376 1047
214 1154
196 214 605
29 214 914 917 1154
214 914 915 1154
116 214
380 402
87 188 402 640
402 1270 1321
539 589 826 833
162 606 792 847 849
519 520 792
520 792 797
16 18 439 804
541 860
766 1072
673 766
134 766 949 1040 1070
766 1040
474 478 766 949
478 766 949
674 766 1070
127 134 202 674 766
937 938
1108 1169 1239
378 1283
781 1283
116 276 853
116 853
1006 1018 1155
197 1060
80 100
448 528 530 803
448 497
154 276
276 376 840
662 807
190 767 807
779 861
464 1109 1223
123 424 725 787
9 454
57 58
57 200 325 548 1133
674 949
343 491 1262
605 626 1091 1279
512 605 626 1279
605 652
605 880
512 605 879
512 605 626 1225 1279
512 605 753
512 605 626 1091 1279
1075 1299
642 956 1075 1120
856 973 1075
956 1061 1075 1120 1178
99 607 1075
607 895 1061
29 486 500 607 895
486 607 956
471 494
405 761
899 1154
596 1149
1056 1147
1056 1058 1059
644 874
460 764
61 96 1118
604 820
581 1205
1145 1205
712 1069 1205
810 1152
361 810
282 1257
175 811
175 499 674
176 384 989
145 176 989
145 176 384
176 202 674 1040 1070
410 497 530
1106 1112 1113 1115 1118
157 912 1243
928 1243
1197 1243
1063 1243
995 1197 1243
767 770
18 541
157 301
522 835
682 835
413 480 522 835
423 827
62 836
902 1271
518 749
674 1071
674 883 1031
202 674 1040
127 674 1209
341 1261
144 146 300
453 757
55 479 1277
14 15
162 182 633
843 1076
647 1049
325 647 952 1049 1132
379 842
379 818
379 1006
435 436
856 892
892 896 898
779 782
364 779
421 580
421 732
421 598
99 100 421
421 550 592 850
421 743 744 876
99 421 986
449 746
541 1269
225 678
588 638
776 1210
900 1001
130 255 906
122 255
130 255
122 158 255
486 1153 1192 1279 1282
477 947 1015
856 1153
824 856 1279 1282
396 1311
75 215 396 866 868
511 947 983 1291
477 590 823
167 169 952
512 626 1028
167 170
167 172 200
170 1132
172 325 490 972
273 1155 1219 1285 1313
64 1219
135 366
75 76 964 968 974
75 76 866 958 1242
482 483
54 401
54 137 986
836 1313
662 841
87 522
87 1129 1212
196 743 876
581 881
623 715 1084
357 873
547 602
53 1276
53 1321
53 413 816 819
53 871 872
53 872
53 188 469
45 79 180 191
148 988
157 912
31 426 891
31 298
20 143
600 660
266 325
883 1209
139 1048
869 1129
185 763
434 493 638
595 638
434 638
99 400 712 1025
216 264 1149
79 180
533 771
456 763
543 763
314 988
774 841 1316
392 393
736 759
584 808
584 794
966 1054
603 936
112 1192
377 621 622
377 621 622 710
622 769
377 622 899
815 819
626 1028
895 919 920 1094
1225 1301
1225 1300
1061 1088 1181
1088 1178
479 1175
479 1174
244 466 703
466 866 868
244 257 1009
1067 1095 1146 1242
866 1067
866 1067 1242
1007 1067 1095
997 1067 1095
866 1168
866 1242
866 868 1242
67 885 1103 1104
244 257
244 1146
440 899
992 994
193 1107 1174 1175
704 1174 1175
670 1216 1266
298 1326
298 1234
298 886 1234
10 886 1234
186 838 1039 1102
186 1102
942 943 944
