7818 327
1 2 3
4 5 6 7
8 9
3 10
11 12
11 13
14 15
16 17 18
19 20
21 22 23
11 24 25
26 27
28 29
30 31
16 32
33 34
5 35
36 37
38 39
40 41
29 42
43 44
8 45 46
47 48
49 50 51
52 53 54
52 55
56 57
58 59
49 52
1 47
60 61
62 63
34 64
65 66
42 67 68 69
70 71
72 73
50 74 75
76 77
7 78
79 80 81
26 82
83 84 85
79 86
86 87 88
89 90 91
92 93
94 95
96 97
98 99
72 100 101
102 103 104
27 105 106
92 107
6 108
21 97
34 55
109 110
71 111
52 74 75
112 113 114
47 115
42 116
67 117
21 22 118
83 119
120 121
122 123
124 125
65 126
13 32 127 128
126 129
130 131
132 133
80 134
135 136
124 137
138 139
41 92
140 141 142
31 131
124 143
30 104
67 119
135 144
83 118
49 107
81 88 91
145 146
34 64 147
36 148
148 149
83 84 85 136
69 150 151
38 133
6 140 142 152
79 81 153
143 154 155
136 156
44 131
95 114 157
103 158
159 160
33 154
140 141 152
40 161
68 162
139 163 164
45 141
51 165
155 158
166 167 168
145 169
56 170
149 171
117 163
7 34 137
24 25 132
172 173 174
167 175
176 177
26 178
70 179 180
181 182
3 183
109 110 184
7 185 186
72 177
152 157
160 183 187
43 44 82
12 105 188
52 189
190 191 192
16 100 193
152 194
111 129
24 39
8 185
82 195
5 141 185
166 196
34 152 196
1 187
71 197
198 199
8 200
12 105 173
51 175 180
26 201
154 202
143 203
40 84
204 205
206 207
208 209 210 211
91 173
152 191
118 212
8 94
33 84
209 211
192 213
58 94
112 179
3 39
117 171
206 214
167 179 215
84 136 143
32 216
9 217
40 218
44 117
219 220
166 208
106 221
165 222
34 140
103 208
1 10 39
58 129 179
11 20
62 223
56 101
83 115 224
12 39
35 46 213 225
112 142 217
67 82
50 179 215
114 226
227 228
101 229
41 92 230
33 108
38 156 188
14 152
7 186
50 194
127 207
82 231
232 233
2 10 156
37 195
130 198
81 125
14 19 85
50 215 234
55 70 74
116 130
115 224 235
236 237
22 238
45 46 202
82 239
223 240
198 239 241
61 242
88 243
14 244
131 245
208 210
80 81 246
54 147 196
32 128 222
168 200
77 231
153 240
46 190 225
164 247
167 179 215 248
50 175
10 149
44 98 249
44 169
82 171
45 112 202
23 250
152 179
125 219
75 226
94 226
27 174
30 169 216
2 251
133 172
108 140
252 253
138 193
6 254
38 183 255
49 129 256
79 81 237
104 180
100 214
90 219
49 205
56 240
141 257
92 122 258
128 130
111 197
105 173 174 255
68 98 131
70 180
52 64 179
25 201
185 186
95 259
191 260
107 261
29 133
11 262
36 245
22 47 118
99 234
214 232
15 47
174 187
141 263
169 231
85 230
90 133
2 26
118 143
142 217
125 223
87 109 219
45 197
33 80
84 264
17 18
85 118
137 236 265
152 163
54 104
223 250
131 164 249
97 118
72 207
112 213 266
123 267
11 38 106
112 192 217
1 221
6 112
23 264
74 94
254 268
64 137
33 108 179
1 24
103 104 194
49 269
35 44
18 177
40 270
188 255
55 74 234
28 271
71 74
79 90
47 85
1 270
45 142
29 148
62 170
34 104
129 272
15 88
194 261
193 214
200 209 210 211
79 223
192 225 260
66 215 248
79 81
102 263
118 230
3 173
89 238
79 81 137
70 202
23 80
49 74
99 222
189 210
173 273
140 142 152
28 178
39 133 178
43 98 231
43 164
10 261
83 218
7 192
214 267
8 225 268
22 143 270
57 219
4 266
34 196
121 173
112 113 205
52 211
53 167 211
113 155
128 274
225 268
72 233
10 231
24 102
13 231
108 141
55 167 234
141 217 275
2 174 178
123 158
190 192
52 55 129
168 189
55 157
15 83
121 176 267
21 107
49 261
3 115
12 201
140 268
196 200
52 94
115 144
69 169
44 67 131
45 185
56 220
72 121
33 263
122 225 276
171 184
65 248
81 125 170
45 191
109 124
31 150
42 150
29 188
26 273
107 237
67 231
118 277
39 105 245
103 168
61 93
193 250
126 143
192 254
202 278
81 88 170
94 279
103 197
10 27 178 188
165 174
136 244
109 125
79 236 265
207 239
73 128
144 218
49 175 261
99 120
166 195
88 250
224 250
59 103
80 240
7 263
82 159
47 218
96 143 184 280
37 130
89 90
15 97 281
71 114 157
88 282
119 237
6 7 78
61 282
91 122
71 154 157
17 18 99 100
7 142 186
16 193
193 207
84 115 251
11 273
15 19 251
97 161 283
145 281 284
143 158 183
171 285
50 70
16 72 193
199 250
4 108
79 88 236
88 219
246 286
8 154
70 268
123 128
11 201 273
34 111
45 46 263
96 238
50 52 70
171 287
256 269
42 131
1 12 165 173
35 208 225
44 162
54 225
258 288
1 268
150 249
152 266
242 289
39 255
80 182 284
100 290
205 225 291
7 163
8 35 260
75 180 285
52 204
181 258
60 91
3 25
39 133 188
96 124
25 119
119 165 262
123 290
152 168
117 216 292
17 86
161 235
15 47 126
14 144
86 293
14 184 235
111 294
14 281
6 7 34 266
49 194 261
159 245
92 107 199
80 233
33 108 113
52 257
34 103
28 135
112 142 275
4 7 78
49 261 294
170 219
156 188 195
102 279
60 91 145
295 296
54 189 215
53 147
26 156
142 152
24 231
185 225 268
7 140 186
11 162 231
127 214
52 75
22 118 235
165 173 297
7 152
33 185
257 294 298
16 232 265
49 226
114 157
5 34 141 197
107 240 252
48 235
20 83 251
89 295
163 231
158 193 214
21 99
160 173 174
14 251 264
8 112
12 119 187
200 205
93 199
93 299
103 194
43 71 157
56 89 90
38 159
54 300
41 230
205 257
28 301
48 96
286 302
86 101
122 170
150 231
138 195 198
95 303
25 245
89 125 170
10 187
196 208
25 273
82 193
56 223
113 114 132
47 115 235
14 118 243
56 252
83 96
40 230
75 256
96 143 280
135 281
89 118
142 213 217
123 222
166 168 209 210
208 248
35 268
57 184
34 51 261
159 292
137 189
79 80 236 295
216 241
224 231
142 186
84 96 136
5 268
68 82 249
136 245
42 67
118 218
153 170
4 102
169 245
45 202
133 297
68 164
105 284
90 125
96 97 143
5 152 185
182 288 304
46 191 263
26 159
35 141
55 129
57 182
84 251
64 152
182 305
1 2 12
148 159
56 125 240
105 221
54 209
68 306
15 303
95 279
41 97
90 170
114 266
70 94 205
18 176
60 87 91
1 2 24 160
111 167 285
76 164
5 266 275
119 221
86 87
78 190 192
52 55 132
182 281 284
116 167
70 111 175
49 51 59
78 266
73 293
223 237 253
93 289
96 203
56 63 145
84 152
32 99 206
10 11 29
110 237
64 102 268
36 131 164
101 307
86 232
22 25
152 240
143 158 184
115 235 251
231 256
131 205
149 169
164 216
210 308
117 216
34 64 309
30 138
22 118 184
13 188
3 221
27 28
5 140 197
52 58
54 310
150 162 231
130 159
112 152
67 150 231
132 303
100 306
168 311
41 218 280
82 139
89 288 295 296
66 189
44 216
88 182
179 260 268
152 166
20 97 251
28 29 106
41 62
188 312
129 180
29 119 187
12 105
26 50
156 245
141 213
22 92
203 281
78 179
24 225
14 205
2 24
63 110
123 139
31 169
103 311
83 251 264
152 190 208
117 150 292
56 90 110
7 78 142
113 217
181 313
45 64
21 61
11 26 29 38
52 54 55
91 237
183 314
5 102 185
87 89
37 69
58 70 179
89 109 125
175 192 194
19 143 203
8 78
177 265
118 235
208 315
28 39
51 70 175 180
71 210
278 316
99 128 222
45 263
21 22
56 91
1 314
56 110
7 175
207 274
132 310
81 179
25 119 165
172 174
57 90
170 237
200 303
34 49
241 306
87 125
88 284
55 99
134 317
94 298
186 189
130 145
36 162
14 219
84 96 251
110 240
50 52 74
47 83 85
176 267
64 197
228 231
3 133 165
184 220
112 114 129
143 281
96 218
232 318
11 39
47 89 281
124 240
79 170 236 237
141 307
6 179
75 111
68 162 292
83 85 115
281 319
130 231
1 143 183
67 169
263 276
243 283
105 133
42 164
59 208
83 281
3 297
123 175
21 92
199 320
139 152 164
34 180 261
50 58 179
119 133 187
190 192 225
52 215
162 163
151 159
133 156
204 261
211 315
49 261 276
242 299
179 186
41 143
165 216
132 167 315 316
22 160
103 163
108 217
219 236
125 170 253
180 192 194
103 308 321
138 163 164
58 114 205
34 83
117 131
160 173
33 108 276
7 79 81
20 145
18 99
142 197 266
46 192 225
32 131
173 187
153 223
14 84
21 212 244
164 231 292
29 106 160
18 193 318
46 192 194
23 289
147 168
33 108 294
112 129
69 149
50 226
157 180
2 105 188
190 192 275 276
43 231 249
89 170
69 116 150
94 111 279 285
243 319
80 83 244
159 183
205 285
37 239
60 122 252
125 137 170
43 57 71
133 178
63 223
107 109
235 244
44 77
30 98
257 308
234 303
81 107 252
22 79 80
65 316
21 96 115
289 322
199 313
97 264
44 148
175 204
19 126 143
76 306
16 207
60 145
82 171 231
1 156
61 224
188 245
29 297
33 190
172 245
70 95 111
198 231
112 142 152
10 25
17 206
95 111
78 108
244 296
87 137
34 180
255 314
53 200
61 134
116 216
29 32
91 125
10 11 178
13 73
13 106 133
11 38
36 131 306
174 297
278 300
89 237
136 143
39 119 183
39 173 174
154 155 157
45 202 225
173 301
221 292
89 125
149 159
34 152 163
292 300
14 238
96 150
209 323
111 257
83 161
1 173
10 106
10 28
42 169
90 253
15 19 85
55 208
28 160 183 187
12 38 173 174 255
50 175 308
11 30
55 59
205 259
56 81 125
122 302
77 188
68 162 164 292
200 215
95 285
41 146
141 266 275
17 193
35 179
165 172
167 248 315
147 167 323
56 302
139 162
202 266
125 308
29 106 173
64 166
36 67 68
64 268
54 65 215
79 143
88 137
73 100 232
118 270
165 297
92 181
74 291
121 307
60 219 240
105 178
134 305
147 168 311
69 122
30 96
204 205 291
82 306
32 123 128
24 25 261
163 198
62 91
136 235
219 253
64 141
131 149 162
15 295
27 255
99 320
8 33
130 216
166 168 196
38 173 174
70 114 175
154 217
143 251 264
67 68 131
55 316
8 200 211
90 236
1 2 28 187
69 150
24 28
132 147 167
80 81
78 185
2 297
43 98 195
263 268
13 38 105 173 174
67 162 231
175 234
4 6
192 275
10 178
176 306
232 265
68 169
157 257
115 295
5 152 197
43 130 149
47 96
143 184
167 215
21 283
54 58 129
80 223
20 84 96
57 158
1 2
11 24
137 240
147 323
136 251
67 68 69
54 59
106 119
80 143 264
54 167 189
213 276
109 110 124
66 102 167 268
29 149
105 172
15 244
218 250
11 26 273
226 256 294
168 310
36 42
172 183
123 287
34 152 213
94 111 279
72 184
4 152 190
52 54 65
235 252
105 187
10 39 133
113 204
48 97
123 214
15 19
10 11 24
54 210
80 108
162 306
44 164
64 276
42 162 292
34 197 266
8 269
138 149
1 178 188
28 105
11 245
205 256
166 215 248 323
25 154
126 161
283 319
81 170
155 257
57 125
119 188
60 90
22 96 118
175 179 234
93 242
57 246
131 170
163 195
77 292
5 108
161 251 270
134 224
11 255
56 118 281
55 81
46 192 276
67 198
225 254
165 313
48 72
167 189 209
142 185 254
118 184
21 282
131 164
8 34
175 291
62 240 253
133 187
72 214
46 191 225
6 7 78 185
107 124 240
177 286
222 265
96 106
57 159
96 184
164 199
21 22 244
140 154
58 268
92 122
130 131 169
23 212 244
71 198
119 160
13 105 173
1 2 160
137 237
1 183 297
34 142 152
125 223 253
113 279
69 149 231
66 315
67 171
84 136 251
47 84
167 179
29 119 221
8 35 276
178 221
195 231
74 75 132
90 109
22 83
90 124 253
55 132 167 316
224 324
29 39 245
28 29 271
166 323
56 63 219
134 324
23 305
19 143 184
39 271
100 287
23 80 212
58 129 152 179
21 85
22 23 244
37 198
34 64 152
119 165 187
49 104
75 298
121 214
22 144
86 281
34 112 140
51 70 180
191 215
189 316
145 219 223
21 124
36 77
105 174 228
74 257
93 325
171 249
98 164
70 129 179
81 115
8 46 213
190 192 275
133 245
14 83 118
58 310
51 107
69 73 265
9 154 213
67 117 151
29 160
33 217
305 324
200 208
8 222
170 223
72 158
12 156 188
162 169
70 94 226
124 181
56 219 240
47 206
202 276
53 70
250 284
64 257
47 80 115
30 44
81 253
105 106
120 242
67 292
103 208 308
130 249
236 240
1 26
167 215 248
107 253
11 29 245
54 308
150 151
164 241
29 101
200 311
191 197
37 77
36 43
76 247
77 139 162
30 163 195
33 191
142 276
225 226
6 321
55 167 189
108 279
71 108
264 284
79 81 125
11 25 201
34 142 191
1 2 106
26 28
158 267
105 119 165
15 163
14 84 85
173 174 188
24 286
203 251
80 219
140 141 266
12 106
156 314
34 78 275
92 182
23 122
139 165
223 252
46 64
63 81
68 139 171
112 192 213
137 236 237
60 81 240
113 185
180 194
21 118 244
32 123
31 306
80 235
187 255
235 296
96 143 281
102 185
16 47
98 231
58 112
53 189
145 182
27 39 105
102 261
84 85 115
95 211
80 85
9 191
34 308
282 320
6 34
168 323
63 145
11 38 273
28 38 255
68 164 169
44 163
231 239
145 284
58 272
64 179
32 207
53 300
83 85 235
11 27
43 149
45 154
131 138
1 251
63 87
195 292
83 115 136
10 119
9 213 263
145 170
166 300
142 163
114 180
141 185
33 202
29 82
30 44 98 249
125 240
36 82
79 137 295
92 134
55 308
3 39 133
145 252
152 217 275
20 83 115
66 102 167
52 102 268
225 260 263
136 270
192 225 275
91 107
160 255
209 210
211 225
69 117
1 28 160 188
12 13 105
211 248
103 323
70 291
92 122 258 284
45 190 275
46 56
32 123 127
69 287
157 175
72 229
63 219
215 315
18 214 232
129 257
75 132
279 298
82 162
13 27 106 133
17 318
190 213 275
256 321
235 251
48 244
233 292
51 107 261
108 154
35 132
78 102 108
150 216
186 217
53 323
87 252
284 288
81 219
39 105 228
190 254
77 171 231
85 115 152
161 250 280
44 130
64 129
50 51 194
2 301
24 159
78 202 263
104 300
91 170
91 98
58 129 285
278 303
30 100
81 88
22 181
66 102
160 178
60 63 214
75 251
107 208 211
149 261
108 257
49 59 261
188 221
44 175
53 196
9 176
138 162
83 264
89 109 184
48 118
184 219
114 323
80 264
45 190 192
163 292
194 257 261
156 171
147 167
69 82
119 262
80 118 235
15 158
59 234
248 315
24 173
1 105 187
177 206
40 295
173 255
54 66 167 310
132 189
151 163 164
257 261 279
67 287
8 225
200 269
77 239
79 237
164 292
235 264
29 245
9 112
235 305
56 218
96 281
131 169
11 44
13 301
42 69
96 243
1 39
103 166 196
6 202
24 314
112 141 202
58 95
14 203
44 159
70 205
43 67 231
104 167
136 234
5 254
41 115
189 196
190 225 260
51 323
21 243
145 236
183 297
46 213
34 141
78 192 254
80 136
92 230 289
47 99
119 297
126 285
133 148
45 70
30 171
123 229
27 105
87 110
24 178
122 190
54 200
3 107
28 133
86 318
53 103 168 196
31 195
74 205
69 98
68 117 249
26 165
21 56
105 301
34 78 192
56 87
200 208 209
105 165
34 179 191
159 172
52 167
34 261 279
120 217
5 154
1 148
155 195
95 261
39 96
2 29
166 168 323
52 132
43 149 171
29 130
68 82 98
244 264
96 118
34 208 215
37 241
69 214
147 234
49 194 269
83 115
52 111
133 187 262
24 160 245
152 179 263
55 235
13 255
34 260
60 81 125
47 73
117 221
179 215
1 105 245
16 118
82 188
37 216
29 119 255
160 187 188
230 270
26 148
138 154 157
143 229
53 54 55
11 285
87 199
281 289
109 236
16 176
167 308
111 157 279
9 46 263
81 91
141 260
179 260
56 87 89
6 78 266
22 165
90 223
58 213
110 170
14 115 118
3 167
141 266
18 193
22 270
11 24 28
214 265
64 108
89 184
120 124
33 254
35 225
174 198
59 315
120 158
180 272
87 169
72 307
1 160 188
167 311
79 107
192 217 276
254 266
33 266
47 129
208 277
24 98 132 249
76 195
18 274
138 216
55 75
167 211 248 315
81 153 183
11 24 201
97 135
19 47 96
73 233
179 191
47 144
65 167 248 315
42 73
103 166
40 56 230
34 84
2 28 156 188
83 253
61 137
142 179 185
47 89 170 237
53 208
68 195
47 288
177 267 286
117 231
14 264
115 152 235
194 256
5 190
82 164
10 133
96 212
64 129 254
166 196 311
47 161
81 89
65 200
67 169 231
146 153
116 117 292
127 128 143
98 195
100 127
78 194
76 239
246 302
122 319
214 229 265
9 47
204 257
31 162
81 87 145 236
231 287
136 264
32 69
44 148 149
48 281
73 100
156 199
96 144
152 229
109 253
57 71 157
66 129
58 100
132 200
80 236 295
81 223
49 194 276
154 251
63 313
29 160 255
91 137
215 277
16 99
130 151
80 97
138 198
213 217 275
59 65
115 296
146 199
33 168
44 247 249
154 260 276
200 234
53 54 308
174 255
33 165
67 98
18 287
89 137
51 269
34 138
22 143
103 196
50 58 129
118 289
87 125 145
34 137
145 153
24 26 28
36 138
91 153
238 270
194 276
43 231
35 152
149 162 195
99 162
95 205 291
63 250
6 7 263
7 137 189
223 293
34 64 107
43 44 138
80 236
55 70 75
157 291
96 235
1 119
62 90
58 111 129
130 165
39 106 187
13 29 82
79 87
238 244
86 158 193
146 237
12 106 228
16 86
123 165
56 63 125
99 293
1 2 165
93 220
139 171
102 266
316 321
8 211
157 226
14 83
303 316
79 244
34 102 141
8 46 179 191
125 250
72 206
115 251
89 246
233 286
255 273
19 135 161
13 82
14 83 152
201 245
106 173 174
236 253
47 322
257 263
19 161
289 293
22 80
208 215
200 277
54 65
100 267
223 236
96 237
14 34 83
12 159
166 196 200
149 247
22 47 84
167 200
132 321
76 198
87 146
57 145
113 129
111 205 257
155 285
87 145 236
4 197
65 211 315
58 152 179
38 39 178
117 151
110 253
29 178 188
44 287
112 140 142
180 285
277 323
35 190 266
175 275
108 190
49 64
53 54 310
222 293
10 140
242 317
85 200
8 35 46 192
102 132
162 195
60 62
84 127
63 90
115 143
175 225
128 265
68 131 171
216 292
10 183
104 278
41 92 289
218 280
31 43
85 244
78 229
8 58
208 308
8 323
67 69
56 190
78 275
29 156
58 129 204
89 125 153
102 268
97 280
145 182 281 284
200 315
133 228
115 146
58 70
88 288
24 26 273
56 89 236
22 261
54 81
167 211 248
29 193
22 118 243
19 84
21 161
95 298
52 86
49 51 180
14 47
172 287
80 143
89 170 281
15 161 251
221 273
96 175
64 266
83 261
250 304
34 164
152 175
34 168 261
4 179
52 175 234
154 191
199 250 284
150 169
179 191 268
169 177
4 112 275
36 69
80 118 295
22 23 212 244
89 124
5 179
119 165
181 222
289 299
7 254
34 291
60 62 252
89 170 252
95 257
158 265
56 60 63
84 270
138 164 195
29 39
53 308
298 302
24 273
17 24
49 51 261 269
13 128
182 224
213 285
133 160
49 247
36 69 163
138 164
34 215
55 300
123 199
21 280
62 289
111 168
13 32 127 222
86 100 265
41 145
82 198
180 294
217 254
19 244 251
7 268
200 209 278
65 77
58 157
250 299
132 291
123 307
57 110
140 191
61 88
28 160 165
150 159
121 286
6 7 154
166 266
6 275
66 168 200
84 184
85 152
97 250
86 214 265
116 117 216 292
49 70
41 135
16 222
165 178
78 276
94 175
62 218
282 295
129 147
7 81
107 125
143 157
53 311
42 306
91 174
75 129
83 115 201
47 96 126
152 311
188 262
49 175 194
53 209
7 64
15 40
27 106 183
10 177
22 47 281
82 116
184 270
80 203
181 284
30 159 247
9 152
146 223
68 76
107 156 188
65 167 277
29 119 245
16 121
14 84 136
198 241
52 129
255 297
149 151 292
166 277 323
9 78 213
5 34 197
108 276
45 192 202
41 176
57 199
100 206
110 252
73 214
13 262
11 173 174
166 200 311
81 91 170
20 295
87 88
14 118 235
31 43 67 68
190 276
47 126 136
35 190 202
132 249
16 43
74 75
7 34
123 128 222
217 300
41 203
100 231
53 256
10 27
19 143
162 245
98 122
222 287
201 221
118 136
83 287
131 173
45 141 275
127 222 287
38 105 174
48 135
14 83 115
158 294
1 10 188
104 326
147 211
34 275
40 47 161
34 112
215 327
70 257
10 99
42 82
205 294
22 212 244
64 309
2 159
277 285
129 205 285
89 109 110 184
53 70 129
55 70
106 165
92 304
246 325
140 142 275
73 86 100
122 125
206 232
74 132
41 61 289
7 140 275
28 119
68 247
146 205
80 137
68 231
21 24
173 183
4 33 190
8 35 46
88 170
24 106
21 124 199
22 118
70 234
131 231 249
7 152 260
9 261
142 147 154
43 69 151
96 230
208 327
148 173
209 308
99 151
21 299
95 204
41 96
16 100 193 265
19 118 203
86 193 265
219 223
138 171 231
130 178
49 94 152
187 301
36 169
11 69
87 153 252
13 273
228 301
141 190 275
162 249
1 2 10 24
22 115 118
111 158
18 211
19 270
94 204
117 169
18 285
35 191 276
71 279
60 109
136 173
39 159 221
36 190
29 221
34 50
5 64 141
104 278 308
90 124
12 173
194 272
108 141 154
28 165
66 166
89 281
70 95
219 252
128 267
73 193
49 291
256 291
191 276
71 257
18 233
80 89 125
7 152 275
95 157
100 265
68 198
13 173 287
106 227
77 195
1 158
103 147
191 263
143 183
64 111
191 234 276
146 252
50 129
12 312
45 140
52 54 129
22 118 143
112 141
43 69
118 219
129 231
178 273
51 180 194 261
52 269
5 141 152
45 54 189
36 44
193 286
172 255
96 268
66 104
31 169 292
50 269
20 305
50 179 215 248
50 261
213 261
112 266
1 2 172
165 261
40 96
17 128
35 192 276
38 174
8 122
79 240
12 174 188
98 131
39 297 314
195 245
202 260
113 205
166 278
54 167 209
21 317
126 134
104 308
13 26
96 295
19 126
66 310
81 246
43 130
19 80
46 175
264 281
118 264
51 175 194 261
54 55 321
70 75
105 173 188
192 213 275
79 137
40 48
76 165
115 230
55 189
153 252
66 168
89 110 253
154 192 263
277 308
127 165
187 221
79 81 246
200 261
4 110
127 222
164 287
2 314
65 234
167 205
55 210
56 88 219
183 245 255
2 187
126 136
40 135 161
106 273
5 6
123 181
118 238
60 214
48 126 144
126 251
142 254
80 195
176 274
34 78 266
28 255
56 293
89 91 170
116 165
91 146
13 106
57 325
107 187
200 308
131 150
139 195
52 70 94
71 164
43 98
195 311
68 69 164
53 248
71 95
46 152
34 83 115 152
170 199
24 98
51 204
89 146
161 238
193 293
67 255
165 245
143 161 244
103 310
67 289
53 54 167
195 287
15 48
117 130
1 2 160 183
34 64 112
175 269
94 111
47 230
115 251 281
52 54 66
58 167 179
30 67
50 52 129
109 245
98 131 231 249
33 132
5 102 179
19 97
190 225
112 205
77 247
51 70 175
217 225
275 310
115 161
179 234
35 46 192
146 236
50 52 204
96 147
129 175
12 149
81 119
50 77
190 191 225
175 204 285
181 320
30 169 195
142 185 276
100 165
45 112 141
114 259
14 118 244
88 93
56 60 79
114 155
11 224
24 255
170 220
152 190 192
194 205
13 21
7 64 78
1 12 26
80 265
81 235
111 129 285
143 255
217 266
170 304
141 142 217
151 231
78 260
111 214
26 106
118 295
96 282
70 205 291
10 165
284 319
5 152
80 166 195
5 266
98 138 249
79 253
47 280
56 99
50 58 70
64 94
98 174
81 191
13 38 105 173
68 98 131 249
142 202
14 47 184
26 314
51 58
65 277
16 17 100
81 153 240
70 261
103 321
11 28 156
2 27 178 188
80 85 264
191 225 276
182 199
82 292
43 98 231 249
20 85
67 117 292
157 285
16 18 307
288 304
55 132
48 96 135
49 51 194 269
8 192 276
185 268
21 118 184 244
29 39 119
98 195 231 249
80 170
197 257
65 323
25 29
186 263
87 88 145
39 301
45 54
46 154
27 227
70 129
36 306
210 211
127 131
132 234
103 326
169 247
96 298
96 123
29 301
78 152
40 126
146 170
47 244
169 216
45 211
29 38
149 195
13 38 174
87 236
76 190
39 119 165
140 141 254 275
162 231
133 174 228
212 244
52 55 175 179
155 226
44 163 164
220 313
199 251
10 29
56 89 237
171 292
158 193
21 22 181
134 320
95 112
22 118 281
204 272
81 199
37 231
47 118 281
67 151
56 319
48 83
70 194
81 91 252
244 283
83 136 152
116 162
34 163 205
145 219
165 301
112 114
59 167
46 234
53 215
24 96
214 229
70 74 75
123 135
20 118
160 174
5 186
35 191
126 295
7 310
18 101
43 68 98
52 155
33 225
107 137
115 126
19 83 115
59 147
11 24 221
48 84 136
70 74
115 305
74 157
167 189
89 170 284
140 217 225
169 183 245
104 278 323
47 170
65 303
38 160 255
99 177
27 172
34 140 275
46 263
41 244
229 286
15 161
68 69
19 115 235
41 47
56 253
41 126
141 142
93 195
7 137
24 98 249
87 145 220
111 113
111 180 272
34 132
12 18
158 289
28 165 187
30 149 169
9 254
116 151
83 143
220 236
49 50
189 323
315 316 321
52 248
137 223
24 188
35 191 225
102 197
94 111 285
79 137 236
28 221
105 188
89 92
15 97
208 209 211
98 169
130 306
163 176
64 112 152
47 284
193 229
147 210
52 112 129
112 140 266
136 289
26 29
101 145
122 198
1 2 156
115 154
4 78
40 47
94 205 291
27 165
263 323
93 161
16 158 193
157 205
16 100 265
94 294
6 78
184 295
52 66
28 173
98 132 249
27 38 160
3 188
57 119
77 96
19 296
220 237
10 21
71 155 210
50 248
154 266
192 266
177 307
83 84 115
23 212
26 268
7 266
50 179 204
89 187
99 128
6 7 152
32 72
178 187
56 125 145
24 105
54 104 277
13 127 222 287
167 234 303
130 163
258 284
168 209 210
67 77
11 231
152 192
98 131 231
56 84 238
111 113 279
52 272
112 190 275
11 150
122 158
159 174
105 106 187
147 168 208
101 232
10 69
21 182
10 188
223 280
33 112
62 246
43 195 249
54 129
12 105 174
127 199
141 217 266
55 277
65 211
24 221
79 86 87
60 63
39 173
112 226
14 265
68 241
44 245
45 54 310
46 154 263
13 123 287
29 119 131
29 102
139 162 171
142 309
127 274
213 268
68 131
43 68
103 194 261
54 315
65 121
160 297
63 137
52 54 179
112 140
28 106 174
13 21 222
288 296
141 192
92 289
11 13 105
47 89
59 189
25 80
25 165
84 115 136
147 310
208 215 248
117 162
64 225
29 255
263 310
12 119
87 122
213 266
89 223
69 98 130
55 70 74 234
34 52
189 209 210
12 187
45 108 191 225
50 180
184 251
10 26
200 208 211
140 217 257
303 321
11 252
28 106
187 273
2 183 187
208 225 276
29 267
105 133 174
108 294
12 26
128 222
16 158
83 251
149 150
225 266
29 105 106
154 197 231
182 250 284
35 190 276
8 46 263
250 288
30 117
53 103
99 274
97 283
27 39 178
6 128
73 99
154 294
139 256
166 168
80 118 244
15 264
80 126
26 105
191 254
183 243
19 83 235
41 223
19 244
168 315
173 297
34 175 279
115 170
7 142
123 157
34 163 164
35 154
82 162 231
15 285
111 139
44 163 292
144 270
67 116 292
88 317
140 192 217
114 291
104 308 321
10 96
102 132 179
32 177 286
84 295
4 142
208 260
91 173 174 296
58 129 257
58 180
122 143
112 217
168 195
33 34 64
18 73
50 294
118 251
16 123
58 285
44 96
12 133
114 175
55 132 167
146 203
21 136
78 186 254
156 178 188
98 117
75 129 205
18 72
39 187
19 21
95 114 285
205 261 291
104 316
34 78 185
18 207
22 115
138 249
170 240
13 174
25 183
76 287
69 149 195
199 242
83 97
2 23
288 305
38 169 245
79 236 237
69 116 162
62 88
131 249
30 245
126 250
80 84 118
1 183 187
81 88 91 170
93 320
39 133 271
13 119
70 285
58 167
38 160
34 154 194 261
19 251
83 136
80 118 184
39 133 156
73 177
12 173 188
160 222
117 159
1 165
11 174
34 192
2 173 178
107 170
75 96
80 88
125 299
12 173 174 183
118 126
81 292
82 98 164
56 60
114 129
95 294
112 191
3 183 297
17 232
53 54
175 272
280 289
38 221
35 202
147 168 196
62 237
199 283
266 276
3 24 25
189 310
34 175 261
11 79 252
33 179
142 257
131 306
2 10 12
112 154
154 179 260 268
163 217
154 225
111 204 285
167 189 310
144 281
138 151
22 47
32 286
154 261
84 96 143
178 255
159 165 178
127 286
130 247
8 179
175 180 261
52 167 248
33 58
24 29
121 265
39 160 228
15 136
127 195
47 212
80 235 295
47 184 281
278 308
70 74 114
11 29
4 141
1 10 26
13 27 106
152 217
182 223
70 204 285
163 195 231
125 145
41 106
30 247
32 177
28 159
128 143
2 156 183
8 46 191
23 320
76 82
288 317
77 162 231
9 46
81 124 240
134 195
79 153
21 258 284
156 183
34 194 261
143 280
49 111
154 323
242 282
103 300
13 173 174
28 57
214 318
111 167
161 270
53 192 276 311
111 272 279
108 225
66 152
143 154
113 275
64 90
181 242
34 58 261
190 202
44 67
20 143
132 300
27 227 301
200 321
17 120
141 215
56 89
3 119
30 292
57 157
39 133 297
68 216
69 73
66 168 323
86 286
178 228
73 86 318
2 13
73 265
27 156
36 164
288 324
35 190 191 225
15 16
105 160
79 81 240
33 64
80 84
80 237
80 244
136 230
21 47
53 305
6 140 266
55 211
29 73 245
74 111 285
47 84 281
99 123
107 124 236
62 79
143 251
9 154
66 215 234
36 130
167 168 323
98 173
3 159
9 190
16 206
262 314
179 275
44 151
80 170 223
76 205
87 89 91
94 113
83 244 251
130 195
79 80 295
140 266
38 169 255
52 54 167
24 27 106
127 222 286
53 58 129
47 203 281
40 251
67 116 131 150
34 309
54 211
25 132
199 279
54 70
111 257 279
167 310
87 223
46 268
14 83 84 85
6 140 141
146 219
308 323
43 82 171 231
197 260
103 210
113 129 257
21 92 199
111 123
14 47 281
85 136
59 303
18 33 108
17 307
177 267
77 131
33 257
88 304
170 284
16 214
38 301
167 300
127 128 199
147 196
79 236
188 314
94 272
32 99
129 236
84 146
56 79
79 81 170
13 39 106
35 154 190
60 61 313
147 163
83 84 295
218 280 281
32 283
46 310
97 141
174 188
140 141 152 275
104 175
49 152
14 235 295
8 192
11 25
46 208
1 10 187
71 151 154
112 192 266
21 244
35 190
34 142 197 266
50 129 204
14 48
211 248 315
199 282
30 287
116 164
169 231 292
225 323
112 142
124 295
29 187
46 190 192
54 147
11 201
89 125 223
43 149 151
72 100 193
73 214 232
228 255
30 98 249
81 261
274 286
248 303
37 150
51 261 279
79 80 81 153
80 147 166
73 163
44 68
116 163
313 317
58 261
69 231
53 104
101 207
50 291
218 223
22 47 126
221 297
167 321
46 96
64 80
70 226
116 231 292
99 101
40 293
199 222
19 83 85
11 39 165
29 273
17 99
125 265
60 252
107 219
17 123
41 47 281
179 254
83 125
9 190 213
83 295
208 234
26 29 188
102 179 268
174 301
16 101
122 145
58 94 257
43 216
49 175 194 261
197 201
76 151
1 2 25
101 158
81 87 145
98 171
2 201
132 315
36 68
69 131
17 73 232
70 315
152 260
25 184
84 161
229 318
2 228
1 28 160
41 56
119 174
193 232
96 199
87 145 284
214 272
78 180
256 261
122 285
85 96
146 281
96 296
96 126
187 229
114 204 285
154 168
116 249
99 233
133 221
3 24 165
29 119
28 183 187
64 323
2 28
134 250
11 165 297
8 191 276
171 216
58 204 205
21 187
71 285
73 195
34 186
15 19 22
96 299
120 222
156 312
191 225
26 39
66 132
7 142 254
29 67
67 116 150 292
80 166
1 39 133
141 152
47 277
81 89 107 153
69 249
25 77
48 230 270
115 264
47 118 126
144 184
84 97
34 285
81 89 153
193 271
197 266 309
18 86
78 254 266
156 255
239 241
18 40
105 106 178
34 64 192
62 145
50 52
127 143
154 155
105 228
107 236 237
3 174
67 195 292
3 201
151 195
76 302
99 113
4 15
98 247 249
18 121
25 159
210 248
59 166 303
22 184
237 288
49 113
31 149
235 270
8 136
67 130
21 40
138 148
300 310
82 173
185 254
173 188
15 270
205 261
199 244
234 315
43 82 171
22 203
162 164 292
108 191
131 287
49 114
39 165 187
51 298
80 107 236
100 232
96 162
12 156 183
58 204 285
80 283
147 166 208
175 265
36 37 131
78 185 192 254
77 139 171
22 235
27 106 228
97 277
141 217
11 131
67 130 169
60 81
83 86
75 180
132 285
23 134
161 264
80 115
11 77 231
88 92
36 98
199 258
53 167 234
176 206
161 280
152 268
80 236 265
147 166 311
29 173
73 255
22 135
73 99 286
131 171
53 65
2 185
70 94 129
1 312
41 250
105 106 133
89 91
71 95 114 157
108 202
34 104 308
111 205
27 29
32 206
183 228
17 158
173 228
46 102
154 186
1 105
12 39 106
257 269
56 224 250
160 221
63 236
47 88
21 88
119 160 228
56 238
25 38
161 244
69 73 100
99 265
84 136 152
13 38 255
77 149
112 140 217
69 87
95 194
15 44
46 166
53 54 215
30 131 195
16 267
2 173 174
8 45
49 180 194
190 213
179 213
34 185 197
129 285
87 240
2 156 188
56 219
24 224
175 194 276
146 236 240
170 252
84 85
13 172
48 184
183 188
22 264
56 79 87
13 222
132 256
41 144
23 107
211 215
194 224
1 121
12 199
45 260
204 285
97 143
1 183
95 205
256 294
20 161 251
56 243
80 295
31 82
257 283
55 132 316
66 225
1 143
81 162 171
129 194
34 154
123 143
167 316
230 320
124 153
117 292
14 83 84 136
60 87
175 194 261
23 160
29 105 173 174
98 131 249
26 47
28 183
135 230
304 319
92 284
164 169
132 157
20 235
193 233 274
14 85 244
39 119 173 174
140 141 186
58 179 268
69 245
89 110 170
79 91 145
9 192 213
34 108
19 115
100 193
39 160 165
81 87
50 179
270 281
141 217 266 275
80 89 284
10 29 178
127 128
47 136
107 195
129 179
13 265
166 167
14 295
34 213
200 208 210 211
218 219
10 292
49 94 114
281 284
83 85 136
7 141
147 196 311
53 58 129 179
2 28 156
182 258 288
152 261
27 39
68 98
36 98 131
61 304
32 222 265
12 25
44 130 163
13 128 222
132 143
29 159
64 142
95 154 285
58 83 152
16 86 193
198 287
27 38
19 22
191 266
6 140 275
110 124
205 285 291
179 225
134 300
59 211
3 38 255
30 131
58 102
147 166 196
52 53 215
51 70
82 131
108 185
98 231 249
217 261
256 269 294
18 165
47 126
58 129 294
210 310
24 25
54 215 248
56 81 87
129 234
96 270
93 305
132 154
244 320
71 114
49 51 94
135 176
40 280
79 124
129 256
37 44
24 174
28 160 187
61 214 313
22 24
237 240
140 141 275
3 280
12 105 173 174
60 237
199 298
106 262
45 202 275
10 27 245
108 263
89 118 244
57 89
261 298
21 320
125 134
160 188
166 215
154 213
49 104 175
65 205
205 226
213 225
71 155
152 263
8 225 276
125 170
73 232
53 225
60 236
143 270
21 40 161
154 197
12 38
162 171
86 203
31 171
82 287
4 64
64 185
283 289
175 180 194
138 154
70 190
56 107
108 112 142
54 189 310
188 261
122 258
130 171
52 55 129 179 234
80 184
114 194
122 219
167 278
172 188
87 109
11 132
148 173 174
34 147
17 73 101
100 120
24 132
20 115
102 275
8 46 225
66 111
55 234
126 144
52 65
54 167 215
21 250
30 43
1 133
1 2 26
175 261 276
80 193
51 175 261
50 52 179
80 118
120 232
200 316
57 91
83 85 144
109 137
35 46
11 249
40 47 280 281
18 80
92 258 284
190 213 225 275
163 171
132 179
86 265
1 38
2 160
62 170 223
68 249
40 193
12 39 173
11 25 231
118 244
32 307
10 245
69 273
50 215 248
309 325
54 167
10 121
190 192 213
21 29
137 153
88 322
102 154
202 217
277 300
89 109 110
190 217
148 301
50 167 179 215
24 162
52 74
145 182 284
58 122
89 90 110
96 230 251
79 153 236
188 245 297
148 160
161 251
5 78
147 209
111 204
14 80 136
151 157
2 184
77 162
124 237
15 110
30 205
143 264
67 163
13 32 128
159 169
159 165
124 236
21 23 244
68 287
151 163
29 160 183
138 150
59 277
147 205
126 212
52 54 167 215
123 232
67 159
16 286
140 142
152 275
64 147
53 166
149 247 249
87 156
13 183 314
68 131 249
22 313
260 286
193 233
143 295
147 208
35 140
70 157
88 134 305
53 55 132
43 139
92 199
22 23
175 285
29 67 119 255
147 154
89 125 153 170
49 111 279
172 178
75 285
62 122
143 158
58 111
190 213 225
140 142 217
89 91 223
192 213 266
183 187
43 44 231
43 155
58 74 157
56 250
88 145
86 100
84 235
150 183
6 7 34
102 123
32 222
21 258
102 234 268
242 284
21 305
163 164 169
31 116
166 184
85 270
80 145 284
50 234 248
95 323
78 142 276
43 138
163 164
149 273
2 172
235 295
69 207
5 112 266
110 146
36 249
279 285
20 80 84
46 275
52 194
132 196
72 318
20 89
116 117
46 197
158 233 286
71 99
9 191 225 276
95 113
120 229
30 195
141 254
47 96 143
80 100
1 130
56 109
174 228
20 80
164 195
25 160
244 280
158 290
214 325
15 83 84
140 141
14 84 244
18 108
21 138
125 252
53 276
96 145
166 217
147 311
50 75 194
150 292
155 209
126 270
280 281
91 296
20 270
22 107
124 304
85 200 211
45 141 266
175 213
132 323
26 268 273
21 134
15 84 251
140 185
16 193 318
56 60 219
2 28 183
10 173 174
185 192 254
85 104 167
303 308
48 107 270
166 310
45 112
13 160
39 188
21 190
80 86 265
58 204
260 321
185 266
229 267
150 325
83 84 136
81 302
94 291
58 205 291
73 86
6 7 266
152 208
36 163
4 6 141
27 119
190 263
28 29 160
257 272
1 13 255
3 156
53 58 70 129 179
34 190
17 265
52 58 129
149 249
31 138
20 40 251
18 100 158
222 318
156 190
257 261 294
51 194 257
8 186
5 213
58 294
87 145 270
36 198
111 291
30 149
14 41
150 195
64 170
130 245
165 274
151 164 198
261 269 294
255 312
152 276
66 200
36 37 44
2 25
140 217 266
106 177
68 77
184 244
53 129
234 277
138 195
176 231
129 132 179
14 85 235
33 276
234 316
142 190
42 231
30 77
54 189 300
29 39 106
135 270
158 183 199
260 268
47 97
166 209 210
66 179
50 157
68 116 117
106 156 188
29 174
83 152
68 98 231
67 131
160 273
107 181
13 105
1 2 178
175 279
17 73 100
285 292
5 102
53 168
131 247
115 238
105 156
166 168 311
87 170
58 70 129
76 117
73 318
47 123
13 148
75 257
124 145
31 67
50 194 257
58 279 285
194 298
29 171
11 39 201
64 65
49 180
9 244
6 309
44 247
107 236
45 140 141 275
33 192
87 192
284 317
119 314
192 225
18 206
194 269
25 98
103 166 311
7 192 254
10 82
59 261
30 150 195
166 321
182 284
223 270
32 127 207
80 147
14 115
8 191 225
58 179
8 149
140 254 266
219 250
154 158
112 140 275
28 107
114 152
190 192 225 275
282 288
30 69 164
50 257
89 199
181 288
51 152
93 134
178 245
208 278
102 266 275
283 320
14 19 83
103 147 168
165 292
41 230 289
53 54 277 308
196 315
106 201
105 173 174
134 283
179 276
96 184 280
195 285
76 249
66 104 308
79 184
13 199 222
96 251
88 310
244 251
151 164 195
2 107
178 297
178 183
122 246 302
94 257
45 190
156 178
92 143
6 167
68 139
70 142
89 240
61 242 289
46 175 192 194
111 202
26 82 130
10 39
14 107
86 131
45 275
95 108 294
124 170
57 124
103 132
195 314
150 239
24 299
182 258 284
10 201
162 292
54 303
154 260
21 135
24 201
252 325
149 172
216 221
65 308
4 142 254
199 264
1 2 10
80 89
102 108
13 228
163 164 231
2 133
1 129
24 105 183
91 295 296
13 222 287
49 180 261
14 115 281
3 12 174
7 191
89 132
145 258
115 167
56 88
96 115
19 83
27 228
152 254
1 11 24
112 298
35 190 225
8 47
54 189
106 178
63 253
257 261
176 267 286
45 78
48 295
23 244
79 122
43 169
13 123
94 152
94 129
103 104 132
198 216
284 304
139 151
59 266
14 83 136
35 141 190
190 202 275
14 22 84
199 258 284
67 69 239
28 160 165 187
118 281
93 97
308 321
50 256
162 201
250 283
30 150
82 138
288 319
194 279
70 111 204
13 127 222
66 103
80 145
30 159
242 250
138 175
18 73 158
119 178
45 141 266 275
54 55 129
95 184
9 191 213
226 256
99 119
10 138
299 305
99 193
34 83 136
142 179
199 289
102 111
59 285
117 150
210 311
61 223
16 232
236 288
59 166 248 323
132 167
40 47 280
219 246
170 242
154 276
78 197
148 178
25 297
107 137 240
7 78 254
11 201 231
77 169
236 277
77 139 162 171
22 126
81 146
59 157
88 182 305
198 306
8 35 190
52 114 291
71 292
111 279
215 248
7 78 266
33 298
50 58 294
7 140
111 226
85 136 244
10 255
166 200
74 179
132 215
236 265
207 293
250 282
72 265
254 263
74 114
88 305
50 215
38 106
24 297
200 213
84 115 281
182 319
85 251
5 140
55 196
40 261
108 268
152 167
277 321
65 112
13 29
143 222
195 249
19 47 203
110 184
218 230
21 53
77 163
141 197
144 238
67 195
64 192 254
186 197
46 154 260
59 66 167 315
190 275
37 131
35 112
10 173
179 185
73 123
106 174
200 211
55 65
56 123
127 128 222
155 209 210
7 102
67 82 162
82 249
21 41
118 208
50 205 294
28 105 187
57 223
123 265
97 115
29 105
107 163
44 138
146 170 237
46 191 276
76 77 247
21 181
103 189
41 281
3 227
49 276
167 234
266 275
182 199 284
289 304
69 164
73 245
132 208
2 174
100 158
95 112 113
111 155
52 169
31 69
26 44
147 167 311
79 252
54 175
89 219
106 119 187
79 125
89 110 125
7 46
116 287
69 292
117 139
34 78 213
24 156
21 193
21 89 244
32 232
66 234
4 275
142 180 257
138 245
39 221
47 146
31 163
26 38
44 98
129 226
251 295
7 34 78 266
47 246
129 247
27 262
107 240
123 127
6 142
120 267
9 94
34 152 163 205
53 234
166 303
7 185
71 157
23 224
34 194 285
152 251
182 313
34 64 141
57 109 110
176 207
34 86
122 129
63 81 89
127 143 222
158 199
50 256 294
88 224
193 207 233
2 28 187
103 278
217 257
54 196 277 308
9 190 192
30 42 195
43 67 68
152 230
24 105 201
173 222
100 190
6 257
147 300
308 315
34 142 185
112 202
67 139 171
117 130 150
83 84 136 244
135 250
179 215 248
168 308
7 78 185
84 109
79 302
64 112
90 109 110
33 213
52 54 234
5 64
20 161
86 158 214
265 267
182 304
258 299
23 199
80 89 125 223
124 199
1 200
52 70 74
74 132 234
105 314
104 147
136 281
88 289
80 216
60 219
111 114
27 39 106
73 196
98 159
72 193
152 323
108 173
1 22
2 24 26
184 280
58 113
135 184
14 235 270
91 242
164 218
33 213 225
14 283
53 277 308
9 260
69 234
112 191 266
101 127
100 123
143 184 280
88 181
283 322
11 160
51 180
184 238
41 280
12 174 183
200 209 210
22 143 281
104 321
70 279 285
286 319
108 260
69 138
194 257
79 100
197 254
11 24 26 28
223 302
9 35 154
210 300
80 81 153
81 89 240
89 153
177 193
26 119
138 157
65 215 248
143 235
4 185
56 81
10 39 245
15 230
91 99
129 157
30 306
1 2 28 183
117 164
80 96
7 34 266
1 119 165
254 275
19 47
83 115 235
12 173 174 255
56 62 240
212 324
5 102 141
61 289
97 136 251
5 141 142
107 123
89 107
22 281
305 319
46 108
9 148
96 319
58 71
21 23 92
7 141 309
53 58 70 129
26 29 273
185 197
74 234
43 116
74 111
116 221
13 156
107 236 240
39 231
69 247
89 252
213 275
42 292
21 217 317
151 198
167 196 211
250 289
5 141 275
21 22 23 244
101 286
64 190
143 144
29 38 273
89 145 182
59 166 323
148 188
139 163
52 285
80 87 137
104 132
288 295 296
33 186
153 236
24 26 268
127 132
52 175 179
46 276
30 239
100 265 274
71 154 155
88 291
193 232 265
142 225
14 96
138 268
36 37 287
148 249
123 308
10 68
198 239
106 183
208 209 210
69 171
182 288
43 157
34 141 197
90 145
60 214 313
13 297
80 161
145 191
8 213
143 286
95 114
265 293
96 320
42 247
84 118
240 253
119 255
131 159
13 32
112 202 266
99 286
115 218
47 143 280
108 254
141 202
43 195 231
52 129 179
152 257
53 55 278 308
15 115
58 146
38 255
16 233
78 185 254
73 100 318
158 286
133 183
132 184
94 155
224 289
58 75
27 106
129 197
38 148
74 226
13 38
216 239
235 303
3 26
165 171
48 136
72 124 158
32 267
44 292
112 266 275
1 11
54 277
190 263 275
37 287
20 136
7 197
142 185 186
40 118
11 39 119
179 180
62 246 302
21 92 258 284
140 141 217 266 275
215 234
89 91 125
173 178
11 228
58 114
79 122 252
219 237
64 213
142 266 275
27 187
20 84 251
21 264
56 89 91
22 295
16 18 193
236 284
169 254
256 257
97 289
138 171
142 266
233 293
54 55 66
220 302
167 196
125 137
24 261
49 175 180
69 162
116 216 292
147 166
161 178
92 146
3 133 149
202 225
193 222
80 107
107 137 237
79 265
97 235
119 172
24 33 108
129 205
71 154
41 184
151 209
41 135 218
52 54 189
33 34 78
28 314
70 175 179
225 263
60 124
163 286
165 229
94 157
129 204
40 281
6 7 185
3 160
3 106
114 294
11 187 201
50 234
109 252
52 205
55 103
2 106
195 216
22 79
60 146
72 124
110 125
87 145
23 258
65 129
112 113
4 5
140 202
1 27
70 111
33 268
24 219
10 267
9 268
62 293
52 53 54 189
277 316
134 250 320
16 307
102 185 268
129 194 204
224 299
1 2 28 188
92 182 258
189 196 310
47 296
26 160
109 237
92 258
85 308
132 268
100 274
178 188
93 313
64 65 315
14 235
3 115 235
43 261
185 192
89 302
9 141
187 201
92 230
99 111
141 190
53 55
9 108
106 188
85 281
100 160 165
206 293
47 83
65 315
15 126
39 273
136 238
272 279
1 297
24 139
140 294
81 89 170
12 289
6 263
9 213
34 254
2 39 188
34 261
8 45 263
18 33
85 126
231 249
48 144
15 171
102 142
167 168
261 269
148 183
1 135
18 229
61 184
256 316
227 228 301
183 255
93 145
151 162
225 260
58 75 205
190 192 266 275
59 300
74 269
225 283
152 190 191
128 214
47 214
39 119 255
2 11 26
165 187 228
78 202
233 274
64 263
17 73
130 164
101 123 232
182 317
45 142 275
200 323
102 213
204 215
45 300
45 46
60 153
36 131 150
36 287
72 292
107 137 236
12 165
45 46 202 263
99 214
32 128
55 142
191 202
50 211
35 190 191
182 289
125 220
145 270
171 231 292
13 32 287
17 101
33 108 263
81 240
83 249
41 47 218 280
49 52 129
28 105 106
72 101
234 248
42 117
33 275
184 225
32 233
34 176 194
131 216
12 173 255
89 220
152 234
102 273
150 163
84 98
222 325
118 203
152 235
205 208
92 313
63 88
194 261 276
209 300
124 252
70 279
43 67
106 228
115 118 136
115 281
122 246
142 275
80 125
39 262
5 141 186
24 165
21 92 258
151 155
136 201
138 163
7 140 152 275
89 288
187 233
124 137 236
110 153
49 51 261
20 96
102 179 185
29 264
39 119 314
85 143
59 166
32 229 233
9 147
49 51
54 234
59 311
197 201 231
223 246
193 267
89 124 146
29 178 245
89 90 223
52 179
122 220
256 298
32 163
22 97
30 164 169
31 164
50 104 308
47 118 203
151 164
50 205
40 175
12 174
19 323
174 260
7 217
139 292
140 142 266
57 87 145
1 28 160 183
34 197
69 151
111 272
262 297
20 48
25 26
21 289
152 189 310
27 165 187
81 269
21 93
194 294
95 112 114
18 222
125 325
14 22 118
178 314
16 177
95 310
25 187
149 171 231
81 87 88
105 174 188
84 136
3 105
69 306
44 163 169
315 321
148 245
200 208 209 210
209 316
15 84
17 72
101 318
199 284
187 228
65 77 315
21 135 161
6 7 185 217
113 257
24 119
221 314
6 213
104 208 323
45 55
54 277 308
111 285
107 223
123 233
86 100 214
125 237
269 294
146 198
50 102 268
12 160
59 196 200
156 160
19 183
128 287
129 269
35 46 225
26 28 156
73 229
146 220
154 263
105 245
66 167 316
34 163
258 319
70 102
20 83 84 251
180 204
60 137 237
14 135
66 210
34 191 225
20 83
158 222
80 207
112 190
6 7 78 266
25 308
8 84
36 44 148
222 229
73 127
158 274
26 149
6 7 254
19 203
166 168 208
76 98
39 106 119
68 162 231
241 247
139 198
61 88 182
70 95 285
244 284
14 19 235
179 197
78 192
26 221
22 250
4 64 78
159 228
119 265
2 27
111 112
29 72
257 321
64 132
224 305
52 294
33 152
119 133 221
134 242
184 293
76 216
182 299
247 249
51 261
10 162
141 142 275
127 287
142 152 275
36 44 287
52 291
14 136
33 108 152
92 320
167 211 315
125 153 170
47 96 97
95 175
130 162
16 47 203
108 154 276
238 295
58 129 205
165 221
13 32 127
164 171
154 254
8 64
111 175
84 244
110 145
34 175
79 80 236
191 217
39 105 106
230 251
3 133
39 160 255
115 280
90 110 146
2 178
187 222
4 112 141
70 175 180
73 86 265
79 87 145
11 156
140 152
58 226
137 152
29 67 160
43 163
103 167
66 147
36 138 249
64 285
52 261
59 166 196
140 141 254
186 225
2 188
82 85
167 210
13 169
166 189
124 146
84 92
52 102
91 223
57 302
39 119
214 220
13 127
10 160
35 192
16 293
154 157
121 133
78 102
145 184
39 146
224 320
57 122
32 105
152 213
96 289
13 44
7 137 310
47 80 84
110 223
189 278
22 89 118
142 263
38 188 255
121 267
50 154
161 281
33 179 263
13 100
152 236
106 131
1 107
1 2 174
122 240
310 321
77 229
9 276
27 201
90 110
56 161
13 178
41 108
1 11 28
46 202
20 252
163 169
11 187
59 104
71 195
30 82 138
219 240
143 154 157
63 240
68 231 249
55 167
42 138
193 265
125 236
79 161
61 293
225 309
46 191
88 313
162 171 292
72 176
208 323
131 165
77 82
129 291
156 174
216 231
154 310
8 135
34 235
9 263
145 240
69 198
140 275
108 213
54 179
78 154
3 178 297
78 112
34 35
191 275
11 119 201
64 186
98 195 249
14 118
259 291
121 177 267
121 176
55 72
151 306
299 320
119 274
83 280
58 132
35 254
31 117
214 279
34 35 192
51 129
185 186 254
18 158
66 147 167
1 273
41 47 280
128 199
3 28 165
11 26 28
31 68
34 152 266
18 143
92 176
31 67 68
89 125 170 223
22 238 295
54 66
97 126
173 174 222
77 216
92 97
53 215 248
55 74
40 85
74 129
119 227
36 131 198
154 314
11 29 38
13 314
30 216
156 173 188
200 208 210
29 119 160
55 175
3 24 273
161 193
46 190
155 279
21 23
3 28 297
32 287
34 180 194
141 154
47 80
1 185
72 286
54 248
115 136
77 165
201 297
131 292
86 307
19 96
179 204
54 103
31 292
139 164
6 140
10 11 27
103 211
113 291
85 115
78 141
11 119
53 277
3 13 133
117 150 163
60 81 89
211 308
151 292
94 205
60 125
8 276
166 210
156 172 183
56 135 250
51 180 261
50 194 269
155 180
5 7
80 155
125 170 223
24 111
182 284 304
74 204
14 85
16 120
118 119
54 132
73 222
105 273
34 129
1 10
95 291
67 149 231
107 145
84 280
27 68
207 233
111 269
65 196
38 271
3 255
51 194
11 159
36 68 131
20 251
66 167 215
84 236
1 12 119 165
66 147 168
68 82 98 249
40 107
92 319
16 274
73 232 265
288 295
4 7
14 19
35 46 190 192
13 133
73 158
21 22 212
261 294
154 263 323
11 221
11 201 221
213 254
105 173
68 82 98 131
1 156 188
90 153 253
41 280 281
283 284
119 159 245
70 113
36 43 68
64 141 152
103 261
169 171
220 223
9 72
48 143
50 167 215 248
35 190 192
15 19 96
193 318
142 197
48 126
14 22
185 254 266
6 186
179 263
21 224
20 244
56 81 145
127 233
141 275
154 174
150 287
45 192
72 120 124
112 192 213 266
2 195
49 51 194
91 170 223
43 249
65 292
212 295
56 261
65 134
181 282
81 124
311 321
14 83 85
142 152 257
72 126
25 178
80 83 184
174 183
72 100
3 39 297
142 202 217
89 153 240
12 13 105 173
43 171 231
50 151
11 237
58 74 129
61 313
29 227
182 284 319
30 130 169
53 316
47 270
132 208 209
14 80
165 262
104 196
265 318
46 192
117 195
137 236
59 259
87 237
94 261
29 183
57 158 199
38 178
51 194 261
61 80
70 179 204
167 208
51 179
250 258
34 147 168
21 122
116 162 171
100 128
48 251
44 138 151
119 165 261
64 140
13 287
10 105
79 110
158 177
1 173 178
50 113
64 192
209 210 211
56 89 122
56 322
18 73 100
89 237 240
159 273
19 40 96
91 253
11 165 228
204 291
77 171
154 192 260
176 233
178 271
55 175 179
102 140 268
27 301
294 298
52 114
28 38
88 252
40 56
160 201
96 195
12 24
21 199
183 235
179 202
56 63 240
27 178
96 161
119 173
12 106 183
1 11 160
5 192
133 165 187
98 306
21 23 199
82 130
112 263
84 135
56 62
103 308
257 291
100 177
15 84 96
90 146
18 80 100
6 142 186
157 298
198 247
26 188
79 295
80 90
166 168 200
27 106 173
165 173
78 186
116 131
43 71
39 297
19 235
22 136
81 252
167 303 315
5 142
55 303
35 102
81 153
107 137 236 240
69 239
14 22 47
104 315
2 27 178
300 308
266 295
83 270
235 281
96 198
66 190
5 186 197
77 241
38 178 255
2 12
98 163
39 106
140 201
67 164 249
22 96 97 143
112 276
191 225 263
122 246 252
144 298
12 188
2 10 26 156
69 163
168 266
15 20 251
180 204 285
136 161
59 242
57 109
83 135
34 185
144 280
68 163 164
59 196
279 294
47 81
45 179
64 275
34 152 180
180 194 261
66 70
51 272
224 283
67 149
83 152 224
133 262
32 127 287
113 285
20 22
34 78
149 175
162 240
299 318
19 184
19 252
38 173 255
8 46
137 253
12 38 173 174
16 32 101
70 204
44 151 164
208 211
131 169 231
49 298
205 315
81 236
65 66 167
21 48
6 33
39 133 228
6 78 185
39 105 133
175 194
190 260
34 65
57 220
36 44 245
49 175
11 326
267 286
21 80
9 46 192
34 225
108 275
160 165 201
184 296
105 159
263 266
65 248 315
11 24 273
63 125
1 2 183
66 131
89 170 302
11 54
171 198
2 10 28 156
18 100 318
41 289
165 294 298
88 221
175 261
57 240
119 133 165
84 143 235
195 222
85 152 251
70 94
67 76
79 246 302
98 138
80 81 125
39 106 245
53 54 189
16 165
18 38
117 149
83 102
30 130 195
62 107
10 12 25
115 235
30 76
13 105 174
141 191
133 227
23 182
59 129
58 257
76 292
10 24
58 291
118 184 235
225 260 276
257 326
79 80
43 195
73 165
108 192
86 290
13 38 173 174
36 69 131
131 231
55 323
46 225
196 323
52 65 167
140 263
164 198
6 266
3 24
120 265
202 275
89 153 170
67 68 77
236 252
47 286
15 96
93 183
33 111
14 126
86 121
14 20 251
13 127 287
40 124
47 182 281 319
161 283
90 107
134 305 319
197 266
80 157
165 233
218 281
74 194
5 34 141
54 66 209
17 18 193
125 302
190 266 275
66 316
244 270
107 124
79 145
56 207
1 29 188
14 83 235
196 211
8 46 192
27 159
45 225
88 225
104 310
147 316
249 306
100 193 265
104 277
9 186
136 295
89 236
4 6 112
158 184
215 303
132 259
22 23 212
56 79 90
244 258
245 297
104 303
274 293
45 108
18 100 233
10 56
106 149
9 275
90 302
99 165
78 263
112 190 266
187 262
62 253
165 193
8 191
85 264
165 286
126 305
133 301
84 115 280
49 51 257
21 242
45 189 310
101 265
19 115 126
21 96
62 91 223
28 245
56 230
38 173
49 139
63 161
96 280
84 281
36 68 306
69 221
71 155 285
114 279
228 314
251 281
122 252
72 232
46 191 192
40 223
176 229
39 106 133 231
38 183
3 25 105
129 132
34 152 175
12 302
150 247
140 266 275
189 209
11 56
44 149
1 301
87 153
10 38
36 239
241 249
7 80 137
47 143
14 97
131 222
131 182
275 276
169 245 255
39 133
159 201
133 314
216 265
129 266
29 39 149
79 81 89
167 213
138 151 195
1 160 187
53 167
131 162
111 199
62 110
89 125 240
63 214
99 176
7 78 112
122 199
22 47 143
167 248
165 255
98 216
47 235
59 200
80 83 118
3 179
7 321
2 3
82 130 131
114 205
28 156
178 301
57 252
67 68 216
14 85 115
28 108
14 115 251
52 54
186 266
82 245
79 91
73 101
16 17
50 175 234
14 21
28 228
1 28
168 234
191 192
190 192 276
49 94 194
101 214
60 81 153
152 321
7 152 189 310
198 292
39 106 178
27 105 183
214 286
5 64 132
11 117
135 218 280
96 143
49 78
52 129 234
46 194
154 263 268
103 277
186 309
13 27
40 158
44 282
57 246 302
306 319
53 199
12 119 165 173
56 280
87 252 253
131 241
51 74
29 247
144 156
11 77 188
34 58
50 204
80 195 311
67 139
50 75
12 271
31 116 292
132 316
59 132
8 154 225
56 132
10 98
257 275
18 318
34 185 254
36 69 130
83 199
257 294
275 323
151 154
200 225
185 275
207 222
105 297
83 244
23 92
96 240
27 105 119
34 152 263
154 225 260
79 152
149 159 245
264 270
154 195
44 195
12 183
47 281
122 146
96 245
49 58 129
184 212
24 187
98 132
69 130
111 157
171 193
22 118 244
14 118 184
35 276
182 284 288
55 310
9 192 263
9 46 192 263
152 266 275
126 212 295
147 251
62 81
86 214
174 178
74 261
167 211
94 194
53 54 277
199 253
95 204 285
64 140 254
162 195 231
119 187
23 92 199
81 145 252
56 60 153
102 167 268
308 326
175 180
6 141
52 64
159 178
1 174
79 246
121 193
55 74 132
48 84
5 141
302 325
288 320
95 154
2 39 133
10 274
11 178
297 314
81 89 125
108 205
4 152
155 199
160 165
16 318
95 111 114
96 244 251
58 138
228 249
52 234
80 238
23 299
181 199
149 240
84 123
140 197
119 159
1 24 187
31 231
169 255
52 55 129 234
258 320
229 265
58 129 256
183 199
12 106 173
34 64 186
69 76 151
17 80
34 152 168
143 205
23 284
30 249
67 162
18 115
70 95 204
36 150
78 142
47 251
32 127
257 298
80 137 236
31 51
1 28 183
52 70 74 75
209 210 278
16 193 265
176 181
56 229
211 277
83 126
195 247
102 276
150 171
18 86 214
174 287
32 121
83 84 115 136
285 291
50 58 129 179
283 299
137 265
197 225
32 72 232
85 161
87 220
50 51
56 122
182 282
119 233
30 163
138 154 195
30 44 69
33 108 220
178 312
111 279 285
11 105
112 190 192 266
24 289
184 196
42 68
3 172
167 204
140 141 266 275
142 154
120 214
84 126
30 130
8 46 276
152 186
34 268
47 304
175 205
54 104 167
151 163 169
66 196
190 202 266
53 310
112 291
195 198
35 45
21 143
269 279
7 225 254
108 292
24 271
120 193
112 213
22 118 126
87 253
73 169
58 129 152
112 192
58 70 279
98 148
53 276 311
125 324
147 152 168
10 195
11 70
115 152
150 221
155 205
27 183
173 245
138 231
34 152 261
34 46
81 137
90 137
89 122
39 119 221
88 89
200 210 316
8 263
113 205 291
98 245
181 250
100 160
45 141 142 266 275
149 292
161 244 251
43 149 292
146 252 253
157 260
169 287
165 201
67 77 171
97 99
51 142
48 96 230
18 101 232
56 324
166 209
183 271
162 195 292
60 240
27 297
10 26 188
84 136 281
116 231
38 105
170 253
21 196
26 132
163 249
62 146
113 114
11 133
43 68 231
182 236
51 261 269
180 192
211 234
211 303
189 300 310
237 253
74 298
112 141 185
172 173
8 31
33 184
207 295
62 125
1 25
50 52 58 129
12 255
30 98 247 249
13 32 222
33 294
169 292
237 302
60 302
34 152 205
12 174 255
21 92 199 320
65 215
64 102
79 109
212 235
8 34 191
184 235
145 253
158 298
178 227
49 75
145 223
77 139
122 181
109 223
34 205
82 149
80 304
192 197
103 279
167 196 315
43 287
22 244
155 168 209
36 171
126 135
13 123 222
118 243
86 229 265
2 3 39
125 146
60 89
81 138
73 286
153 156
182 281
2 22
168 300
201 273
56 90
9 191 225
68 116
22 242
28 172
56 80
152 309
50 180 294
180 279
112 140 254
115 235 305
56 224
9 154 276
56 237
52 179 234
106 297
269 298
46 112
85 295
34 152
39 174
152 225
29 271
256 272
72 274
24 160 165
72 143
153 219
143 244
26 297
23 282
74 251
27 160
86 177
23 281
153 253
87 302
17 233
18 100
251 264
85 115 136
140 179
1 199
158 199 298
35 275
96 143 184
11 261
48 289
47 281 284
73 100 265
70 155
108 148
30 82 195
89 244
115 235 244
200 208 209 278
282 317
58 74 75
75 194
79 236 295
30 164
238 264
32 123 222
148 172
278 323
122 253
13 221
160 183
13 28
51 180 194
139 152
76 231
71 199
18 307
149 163
26 102
48 270
32 176
17 73 318
43 158
84 152 235
33 46
96 286 319
56 146
186 191
141 154 323
191 192 225
39 165
87 219
243 255
106 233
167 279
96 181
230 244
40 136
36 241
67 216
54 208
5 102 197
11 13 221
8 102
14 245
39 119 245
46 140
278 310
89 237 253
97 295
1 29
45 95
16 18
66 248
15 136 270
49 94
67 116
206 267
128 222 274
82 216
55 74 132 234
1 28 187
173 174
141 309
64 141 266
8 275
81 87 252
1 188
195 241
100 121
234 263
57 87
108 298
5 276
49 157
112 200
50 102
54 166
218 289
3 39 106
9 140
27 39 119
167 277
231 306
167 209
217 275
130 149
32 68
66 204
189 311
175 257
47 115 184
34 191
277 303
54 215
142 147
67 306
1 2 28
24 249
191 268
11 24 25 201
16 100 232
131 149
226 294
15 20
237 252
22 89 244
34 92
47 295
149 165
157 204
99 100
5 141 197
215 294
78 192 202 263
225 291
275 309
141 142 266
68 171
179 248
51 175 194
104 323
104 147 308
43 82 231
131 150 195
98 149 249
59 175
85 244 251
98 164 249
69 98 249
8 108
51 294
40 96 230
54 211 277
48 101
142 179 276
152 279
39 160 187
87 288
9 40
15 251
51 111
45 143
192 263
119 133
111 261
234 276
45 202 260
88 182 284
13 133 228
18 73 100 158
51 94
81 110
56 145
239 306
52 55 234
159 173
125 253
168 209
144 295
80 284
68 98 249
250 319
131 247 249
119 165 221
118 184 244
12 297
9 192
32 193
208 321 323
80 88 236
48 129
105 118
88 90
70 114
8 46 191 225
118 126 281
13 123 127
137 170
34 152 279
89 238 281
11 96
39 106 228
191 225 260
8 260
55 166
21 92 284
12 38 174 255
68 159 164
27 119 160
69 197
34 49 261
49 257
73 130 169
30 162 195
32 86
22 84 281
56 60 237
87 96
56 141 152
108 266
96 137
141 142 152
34 64 78
154 189
6 185
16 17 99
94 279 285
35 64
90 252
31 36
7 112
140 186 197
86 216
68 149
69 162 231
234 323
50 52 194
102 191
164 171 292
96 224
50 179 268
28 273
163 245
48 58
21 161 193
89 91 170 223
30 69
192 202
49 51 175 180
14 83 84
67 119 160
148 174
195 306
40 208
152 205
111 155 157
176 177 286
65 94
49 175 261 276
83 289
167 303 316
132 270
39 106 231
27 29 188
283 305
49 154
143 161
78 213
248 277
13 187
65 208
81 171
50 257 294
38 228
110 236
82 241
1 2 188
100 229
115 244
47 127
112 189
187 188
119 148
196 234
62 240
147 166 323
160 173 245
39 284
146 153 252
36 195
170 246
98 150
108 111
22 48
21 322
87 91 145
69 172
3 245
68 239
71 111 157
64 104
26 173
143 199
59 196 315
2 38
124 281
39 149
108 166
152 197
21 284
39 105
58 279
106 173
43 231 292
233 265
48 238
112 157
59 66 315
140 276
205 256 291
59 248
80 137 236 265
78 254
52 129 179 234
103 209
119 301
168 210
106 133
47 84 136
188 219
22 212
58 175
78 190 213
45 141 217
81 153 252
110 325
126 203
167 303
185 254 268
98 149
130 149 195
267 318
2 119
141 154 263
80 137 265
88 319
15 19 47
245 249
59 205
8 35
66 168 315
9 225
163 164 195
52 53
52 53 167
243 322
71 204
240 252
89 146 170
107 110
88 91
10 11 25
3 165 187
40 192
4 33
40 43 292
130 159 169
89 170 237
57 236
119 228
194 261 269
16 123 193
36 68 130
190 192 266
10 156
36 98 249
45 190 202
67 241
181 224
58 205 285
154 188
96 102 268
91 236
129 261
277 315
157 158
188 201
87 286
7 152 163
14 152 235
244 281
58 70 129 179
81 89 146
68 198 216
86 274
23 242
84 136 238
34 103 194 261
119 201
11 297
46 179
181 283
208 210 211
49 94 113
84 230
52 55 179
14 270
50 204 205
8 154 260
160 187 245
140 217 275
51 94 175
71 154 155 157
151 171
136 152
143 184 270
4 6 7
205 279
85 115 235
16 193 232
139 231
67 150 169
210 303
11 162
71 151
6 186 266
40 137
84 218
34 64 102
52 167 189
95 129
255 324
96 244
58 131
81 145 236
55 200
11 194
16 265
16 229
88 253
114 205 291
235 238
150 306
2 12 39
208 225
80 251
112 185
40 83 96
56 87 145
20 279
104 261
153 237
45 310
58 82
176 286
138 292
52 55 175
71 226
133 168
30 116
162 287
70 251
128 231
192 213 225
26 29 149
34 186 225
191 213
29 201
68 130 131
91 295
36 163 195
225 276
56 137
59 210
86 229
86 233
145 182 258
187 297
67 117 150
3 173 174
1 201
182 320
52 54 55 129
175 179
147 309
214 274
112 217 266
51 190
3 11
80 302
169 306
44 56
4 254
155 261
223 289
152 196
29 106
20 97
1 67
84 252
70 294
113 176
168 208
69 165
34 194
124 302
19 212
109 325
52 70 129
57 109 240
140 186
133 173 174
83 85 251
3 301
129 175 179
187 245
261 321
66 323
89 170 223
12 13 173
27 29 227
168 278
162 171 231
11 164
181 250 320
45 266
25 82
84 115
100 318
185 187
12 156
43 292
47 203
56 124
87 91
74 209
181 299
315 323
230 264
9 35
24 183
72 128
161 250
52 55 179 234
6 112 186
261 276
245 247
165 314
9 64
258 304
110 137
25 26 188
13 159
85 115 264
24 150
24 27
300 323
76 169
8 179 191
161 230
217 276
70 74 234
112 152 266
140 152 217
48 93
81 90
169 241
209 311
27 133
11 68
115 235 270
86 88
25 29 245
58 205 256
196 308
135 161
11 83 201
51 205
118 184 251
43 149 231
1 178
62 219
129 132 294
36 37 82
38 119
148 255
24 25 245
30 82
96 136
135 295
183 297 314
46 175 192
5 275
46 260
50 257 269
101 120
103 152
119 158
41 99
10 121 177
37 82
201 231
50 94
62 153
21 313
103 104
89 109
79 89 170
16 32 100
22 85
70 145
1 91
54 55
8 225 260
50 215 234 248
183 192
19 40
210 278 323
25 28
82 169
52 277
5 142 266
11 183 297
154 256
98 231 287
105 227
59 257
9 154 260
14 83 244
38 39 255
27 173
100 233
98 239
12 38 255
18 286
96 134
73 120
100 265 286
66 308
7 9 163
14 83 115 235
56 125
30 82 169
126 149
209 278
66 70 315
112 217 275
231 292
149 245
39 228
168 196 200
165 228
99 206
134 299
81 184
184 264
141 254 275
44 82 163
108 197
168 321
3 11 165 183
59 215
38 188
233 267
23 96
106 159
1 128
30 159 195
2 183
140 141 142 275
213 217
192 276
7 186 254
142 152 154
159 195
88 244
1 174 188
111 204 279 285
25 231
68 162 164
116 150
250 305
250 313
3 228
20 84
59 269
35 260
131 163
47 175
79 107 124
25 211
43 151
33 205
200 300
98 195 231
195 231 249
68 117
11 26 29
150 195 216
83 84
147 308
52 256
44 231
19 85
81 240 252
160 165 187
165 188
85 235
1 2 10 28
89 236 237
27 82
1 255
68 292
58 129
14 184
57 89 110
28 143
127 128 265
60 122 302
157 164
34 115 152
14 143
67 150
208 209
11 24 57
131 164 247
142 213
22 96 143
3 28
102 190
41 224
70 94 114
43 68 171
245 273
34 179
8 9 276
72 120
96 264
122 152
82 98
9 83
101 193
146 240
22 80 118
156 173
154 213 263
41 293
200 310
185 191
106 156
83 230
97 251
64 202
49 261 269
175 179 180
35 46 190
205 291
112 257
16 100
226 291
11 188
115 277
1 2 187
43 162 169
58 269
85 115 281
14 22 126
130 225
28 297
19 166
222 232
152 190
27 188
166 315
89 170 199
80 236 237
225 234
28 160 183
100 207
71 155 157
83 84 251
112 201
227 301
81 300
195 239
15 80
108 112
9 179
47 137
6 213 263
52 295
67 68
150 162
35 60
200 210
17 100
100 222
192 194
67 150 292
111 256
53 132
82 149 159
24 245
30 31 131
197 231
48 107
25 39
94 114
96 313
81 109
118 137
169 195
39 106 133 228
159 160 245
95 112 291
130 169 245
96 107
29 67 119
7 189
42 216
140 254 275
8 141
76 139
64 163
108 154 179
223 253
86 249
31 67 292
100 159
96 235 251
84 144
56 217
170 203
56 63 90
140 257
251 280
84 173
44 249
132 166
8 124
78 142 186
64 254
154 209
67 68 162
129 132 256
57 89 109 184
107 146
57 60
68 150
14 118 184 235
64 185 225
56 214
24 25 221
78 217
100 247
147 166 168 311
63 79
192 310
45 123
96 118 143
29 73
79 89 240
106 148
87 236 240
4 186
138 155 157
34 152 194
140 141 217
228 296
86 158
71 155 279
146 302
67 239
100 159 245
69 265
107 152
55 154
104 176
13 105 173 174
256 303
110 223 253
197 275
156 188
1 3
141 179
7 141 266
9 35 46
13 245
140 309
28 188
126 184
140 254
54 74
165 183
193 299
276 285
54 189 209
2 28 156 160
231 245
53 66 167
54 196
38 187
5 6 7
79 89
81 91 170 240
14 47 85
156 165
1 160 183
113 266
87 89 145
95 113 205
112 254
100 108 232
64 141 185
14 136 152
58 155
1 2 24
138 287
166 308
167 323
72 267
1 2 28 156
19 47 126
11 165 183 297
80 86
2 24 156
10 77
41 295
107 252
36 68 150
1 28 160 187
55 184
10 12
31 151
156 252
179 268
103 147 166 168
138 163 195
154 179 260
32 73
300 321
147 321
138 151 163
182 250
165 187 221
2 285
67 160
13 183
29 178
44 49
30 198
79 170
8 140
90 91
73 176
36 44 130
128 193
64 78
47 182 319
36 67
61 88 319
47 184
39 183
192 217
111 190 279
57 146
130 138
94 285
34 257
10 24 273
40 135
44 306
207 318
19 184 235
105 201
34 276
109 184
20 118 251
56 96
9 33
16 72 307
111 180
1 10 38
210 278
54 58 70
180 205 291
66 189 209
22 96
2 105
49 194
48 218
134 299 305
1 195
194 204
118 280
51 91 261
237 295
19 136
95 260
100 101
58 152
62 135 293
47 161 270
8 190
67 171 231
50 279
62 125 170
28 160
51 225
175 294
66 167 196
57 107
24 126
55 64
89 110
106 301
78 197 213
133 173
57 81
128 222 265
68 256
251 270
10 44
1 28 188
214 313
6 190
225 275
68 216 292
14 47 118
6 7
191 309
55 70 234
2 165
166 277
115 118
68 130
171 231
66 166 168
75 294
163 241
56 192
71 157 279
11 104
47 146 203
194 285
175 276
50 58
2 173
21 89
190 191
43 67 98
4 112
61 288
57 253
8 108 154
158 307
74 294
115 184
45 54 189 300
72 123
191 299
135 218
60 79 252
1 2 10 28 156
50 285
12 245
77 164
150 162 292
24 26
11 234
289 313
173 174 183
107 300
45 102
137 146
222 239
21 212
24 69
21 40 135
67 187
49 51 70
44 69
236 279
34 102
125 153
8 102 191 268
64 191
80 83
149 162
77 162 171
83 235
9 78
43 171
81 145
14 251
56 63 87
2 39
24 104
107 270
173 260
152 244
131 172
45 64 190
160 245
149 231
46 289
35 266
47 100
58 70 261
11 281
78 213 266
51 175
150 164
79 80 265
131 150 231
115 160
173 198
81 83
116 150 162
89 223 253
5 197
123 177
11 26
3 187
45 54 300
98 247
260 276
47 118
69 100
7 275
192 260
96 294
100 193 232
10 133 228
68 245
122 284
56 63
215 321
136 146
105 183
80 100 207
216 249
119 160 221
40 56 161
129 246
18 214
48 87
141 154 260
6 152
29 268
107 164
19 118
207 229
138 199
5 185
89 182
81 108
56 135
164 249
52 59
12 172
108 147
147 152
34 200
107 124 137 236
11 165
125 134 299
23 181
45 154 179
108 152
26 245
135 223
286 287
21 281
44 138 163
179 253
8 268
230 289
37 306
47 319
79 81 89 246
33 197
107 230
185 217
9 45
7 34 78
38 173 174 255
268 273
42 195
10 28 156
55 70 74 75
84 143
52 129 175 179
36 59
134 244
140 217
112 197
82 148 149
138 163 164 195
89 145
121 177
62 89 223
213 263
13 106 228
1 10 28
137 145
70 179
50 204 294
79 88
137 181
36 131
147 166 168 323
28 148 172
24 29 160
66 277
164 223
222 274
13 312
45 266 275
29 165
130 150 292
2 312
11 24 231
59 303 316
88 283
74 155
229 274
8 208 225
29 39 165
147 166 168
182 258
88 258
180 261
119 245
34 64 142
162 216
68 82
72 99
89 145 284
133 160 165
49 175 276
59 308
112 275
58 256
2 10
174 222
11 26 38
197 213
40 235
13 24
66 215
65 167 211
90 237
80 296
106 255
16 193 232 265
18 123
61 283
89 125 253
220 246
18 312
102 179
162 164
1 82
116 292
20 280
182 305 319
56 183
2 248
44 76
68 169 231
3 165
11 28 188
47 264
133 188
147 168 308
110 151
24 160
109 110 146
190 266
12 173 174
39 314
60 87 145
13 143
1 13
145 152
124 253
166 311
55 104
36 172
7 137 189 310
116 165 216
129 294
62 89 170
7 185 254
11 77
88 199
310 316
112 202 275
60 80
59 316
50 111
11 314
114 205 226
79 80 137 236
265 286
119 160 187
100 286
107 325
47 56
209 234
91 170 253
185 225
54 196 308
51 52
168 196
118 144
56 125 250
131 195
123 207
62 137
12 228
140 141 197
173 287
69 216
82 163 195
84 96
260 263
80 147 311
58 194
38 172
10 148
102 285
61 214
176 220
65 184
30 169
71 261
96 182
25 165 187
41 218
64 191 225
26 102 273
31 84
96 238 264 281
207 214
133 174
143 158 199
119 183
146 253
48 320
62 89
5 132
160 228
55 179
52 70
40 115
133 271
160 187
190 192 213 266
107 199
121 193 214
202 211
20 83 84
59 294
152 185
147 167 189
79 236 240
96 250
141 186
52 129 175
31 77
147 195
10 135
3 183 314
106 160
9 35 191
18 214 318
65 167 315
6 185 186
1 160
49 51 269
170 236
30 138 195
1 106
140 152 275
5 64 266
154 291
99 325
128 173
91 145
48 230
200 209
7 9
28 262
39 98
68 221
81 107
28 133 160 187
58 115
90 240
199 252
198 249
132 211
43 82
36 292
106 187
109 146
109 220
162 300
97 161
123 193
128 229
143 186
75 205
74 279 285
199 232
41 107
49 294
52 175
18 47
66 167
84 161 251
28 187
137 288
250 320
87 101
79 99
25 224
266 309
154 179
257 279
150 176
43 151 171
79 80 137
186 254
189 300
39 245
58 68 129
171 195
63 89
83 85
111 194
24 38
58 74
33 213 263
157 294
52 54 215
156 172
200 278
13 165
34 142 197
22 289
11 106
67 119 160 255
81 237
39 106 133
65 86
39 178
81 122
191 285
242 305
205 260
105 119
39 160
202 263
83 184
133 165
92 146 289
38 174 255
96 286
86 193
3 27
33 102
29 169
21 83
123 127 287
46 186
22 270 281
7 103
1 183 199
47 182
108 179
50 74
11 173
52 167 215
100 176
215 316
33 190 263
66 226
53 168 196
55 66
130 169
24 268
98 241
56 236
144 264
83 85 96
82 231 287
14 161
62 79 81
192 275 276
137 295
214 250
3 12
35 263
39 172
220 283
129 204 285
154 192
56 193
56 145 219
51 91
5 141 266
91 240
193 274
130 131 231
167 315
183 245
27 221
50 74 204
10 100
62 135
250 280
72 101 265
34 266
74 95
41 154
261 285
199 319
58 205
91 252
68 151
65 167
29 119 165
130 292
68 163
45 112 190
68 301
52 298
11 28
202 308
69 195
25 255
1 12
149 151
102 152
245 255
2 39 106
41 92 230 289
135 293
89 253
165 187
8 192 225
54 66 167
190 268
114 275
10 11
16 100 193 232
196 215
62 280
104 194
29 82 149
66 167 278
52 268
105 174
204 279
67 249
56 153
64 78 142
2 178 188
196 311
54 147 167
41 118
79 146
36 82 131
142 185
7 225
5 34
264 295
7 189 310
158 214
19 135
115 183 235
70 129 285
43 149 171 231
175 186
94 95 114
71 155 294
224 313
22 83 85
34 142
66 167 315
3 29
18 255
49 194 261 269
220 325
129 268
103 104 308
16 72
84 85 251
87 90
88 236
83 126 295
50 129 179
98 249
57 111
107 153
22 84
87 107
14 115 235
2 156
39 159
224 284
34 103 261
60 79
138 164 198
264 289
47 183
4 263
21 319
99 132
10 297
30 68
282 284
34 180 194 261
28 99
18 32
11 80
136 252
196 321
127 158
93 224
25 221
103 166 168
47 211
10 11 201
51 257
82 151
183 322
43 162
6 225
40 108
96 135
25 27
35 213
35 190 208
163 276
3 314
37 172
141 256
40 83
96 131
17 229
55 130
33 35
55 147 311
155 157
70 175
263 275
191 205
2 255
6 141 152
52 279
126 281
13 173
69 77
169 249
69 116
